	Intercept	Slope	ICerror	SLerror	r.squared	adj.r.squared	RMSD	MAD	M	b	f
R2.g1.p1.u3.y1	2,0461152	0,102030174	0,8575638	0,15624383	-0,36033099	-0,37929578	-1,9158357	2,0402197	M0	b0	f0
M4.R2.g1.p1.u3.y1	2,2807597	0,415697122	0,8734108	0,12996983	-0,39144966	-0,41205227	-1,9968498	1,5819438	M4	b0	f0
B1.R2.b1.g1.p1.u3.y1	2,50758083	1,060122442	0,8991416	0,41049166	-0,42999018	-0,45262125	-2,0928433	4,5078366	M0	b1	f0
M4.B1.R2.b1.g1.p1.u3.y1	2,55176558	0,747587718	0,8834003	0,34462441	-0,4249137	-0,44727758	-2,0804526	4,1956859	M4	b1	f0
B2.R2.b2.g1.p1.u3.y1	1,15557684	0,104708736	0,5898129	0,10981091	-0,1580625	-0,16638158	-1,2688839	1,8450668	M0	b2	f0
M4.B2.R2.b2.g1.p1.u3.y1	1,42512844	0,139580539	0,6382881	0,09882475	-0,19418313	-0,20440329	-1,406414	1,3351093	M4	b2	f0
B4.R2.b5.g1.p1.u3.y1	0,35474723	0,058582375	0,7778706	0,11105698	-0,2079835	-0,21893	-1,4555324	1,0228945	M0	b5	f0
M4.B4.R2.b5.g1.p1.u3.y1	0,59350121	0,322889687	0,7882889	0,09328796	-0,22442686	-0,2362388	-1,5119759	1,499891	M4	b5	f0
B5.R2.b6.g1.p1.u3.y1	0,86973764	0,017622777	0,7130973	0,11792422	-0,2032789	-0,21397779	-1,4389762	1,2704794	M0	b6	f0
M4.B5.R2.b6.g1.p1.u3.y1	1,13369836	0,246613843	0,7466763	0,10162111	-0,23366929	-0,24596767	-1,5427951	1,1387179	M4 	b6	f0
R2.f1.g1.p1.u3.y1	1,97911709	0,067345407	0,7786938	0,16339641	-0,30809032	-0,3243056	-1,7715217	2,369898	M0	b0	f1
M4.R2.f1.g1.p1.u3.y1	2,15912865	0,172203895	0,7890472	0,13705026	-0,32902353	-0,34634056	-1,8307158	1,9090431	M4	b0	f1
B1.R2.b1.f1.g1.p1.u3.y1	2,44091769	1,274611696	0,8834108	0,43809479	-0,41342615	-0,43518542	-2,0521373	4,6564503	M0	b1	f1
M4.B1.R2.b1.f1.g1.p1.u3.y1	2,51073386	0,93204282	0,8676229	0,37009299	-0,41078558	-0,43240587	-2,0455733	4,3843871	M4	b1	f1 
B2.R2.b2.f1.g1.p1.u3.y1	6,12354829	6,678906678	0,6424453	0,06283617	-0,8156192	-0,85854652	-2,8823795	4,40531	M0	b2	f1
M4.B2.R2.b2.f1.g1.p1.u3.y1	6,08985071	7,503477248	0,6416406	0,05511417	-0,80669751	-0,84915527	-2,8665717	4,1137415	M4	b2	f1
B4.R2.b5.f1.g1.p1.u3.y1	1,05680019	0,096166634	0,8396337	0,12916574	-0,27583022	-0,2903476	-1,6762098	1,2327989	M0	b5	f1
M4.B4.R2.b5.f1.g1.p1.u3.y1	1,15645847	0,326017233	0,818505	0,1056236	-0,2715153	-0,28580557	-1,6630473	1,1576843	M4	b5	f1
B5.R2.b6.f1.g1.p1.u3.y1	0,81346236	0,147739282	0,6490183	0,11960323	-0,17103635	-0,18003826	-1,3199323	1,6986248	M0	b6	f1
M4.B5.R2.b6.f1.g1.p1.u3.y1	1,05415847	0,086959907	0,6735238	0,10333803	-0,19336506	-0,20354217	-1,4034484	1,0916369	M4	b6	f1
R2.f10.g1.p1.u3.y1	2,29195046	0,4944893	0,8868337	0,12550228	-0,40062669	-0,4217123	-2,020121	1,6306082	M0	b0	f10
M4.R2.f10.g1.p1.u3.y1	2,60615039	1,035793284	0,9131792	0,10176422	-0,44918027	-0,47282134	-2,1390345	2,2755638	M4	b0	f10
B1.R2.b1.f10.g1.p1.u3.y1	2,73982909	0,582831303	0,9116686	0,337272	-0,46313638	-0,48751198	-2,1720104	4,0856108	M0	b1	f10
M4.B1.R2.b1.f10.g1.p1.u3.y1	2,7772284	0,311534309	0,8967634	0,27659805	-0,45801504	-0,4821211	-2,159968	3,6364905	M4	b1	f10
B2.R2.b2.f10.g1.p1.u3.y1	5,70464896	8,145066098	0,9164976	0,0982777	-0,93882851	-0,98824054	-3,092435	3,0129058	M0	b2	f10
M4.B2.R2.b2.f10.g1.p1.u3.y1	5,59231233	8,637244444	0,9341289	0,08415896	-0,92591804	-0,97465057	-3,0710983	3,5805903	M4	b2	f10
B4.R2.b5.f10.g1.p1.u3.y1	0,73082272	0,414410058	0,8872128	0,10079579	-0,27859263	-0,2932554	-1,6845824	1,8015015	M0	b5	f10
M4.B4.R2.b5.f10.g1.p1.u3.y1	1,20852947	0,916706369	0,9401579	0,08538122	-0,33724346	-0,35499311	-1,8534429	3,5493406	M4	b5	f10
B5.R2.b6.f10.g1.p1.u3.y1	1,3267546	0,349589405	0,8530902	0,11152207	-0,30089789	-0,31673462	-1,7507213	1,3854262	M0	b6	f10
M4.B5.R2.b6.f10.g1.p1.u3.y1	1,80452321	0,865029679	0,9156855	0,09474537	-0,37235393	-0,39195151	-1,9475357	2,408848	M4	b6	f10
R2.f15.g1.p1.u3.y1	4,62452693	1,022899259	0,941419	0,27892944	-0,84405102	-0,89370108	-2,6636725	3,8043232	M0	b0	f15
M4.R2.f15.g1.p1.u3.y1	5,06178027	3,215543478	0,8991041	0,18174596	-0,90891676	-0,96238245	-2,7641304	3,7126916	M4	b0	f15
B1.R2.b1.f15.g1.p1.u3.y1	4,22558653	0,948748415	0,8790834	0,78248086	-0,73268087	-0,77577975	-2,4817264	5,0377103	M0	b1	f15
M4.B1.R2.b1.f15.g1.p1.u3.y1	4,32358727	0,541227979	0,8511508	0,62065996	-0,73382382	-0,77698992	-2,4836613	4,8749605	M4	b1	f15
B2.R2.b2.f15.g1.p1.u3.y1	3,51833233	0,079465695	0,9085143	0,34321398	-0,61794951	-0,65657135	-2,3235293	3,8333094	M0	b2	f15
M4.B2.R2.b2.f15.g1.p1.u3.y1	3,94287347	0,422003063	0,9107567	0,26581174	-0,6956753	-0,739155	-2,4653294	3,6045255	M4	b2	f15
B4.R2.b5.f15.g1.p1.u3.y1	3,54640445	0,626126902	0,9553295	0,30732633	-0,77760597	-0,83314925	-2,0886328	2,8678652	M0	b5	f15
M4.B4.R2.b5.f15.g1.p1.u3.y1	3,97325277	1,78138311	0,911661	0,22400671	-0,84459143	-0,90491939	-2,1767354	2,7346044	M4	b5	f15
B5.R2.b6.f15.g1.p1.u3.y1	3,77104889	0,648861095	0,9131947	0,32751272	-0,80325601	-0,86063144	-2,1228011	3,129629	M0	b6	f15
M4.B5.R2.b6.f15.g1.p1.u3.y1	4,13131935	1,832600395	0,8775386	0,2375385	-0,863727	-0,92542179	-2,201256	2,9770215	M4	b6	f15
R2.f16.g1.p1.u3.y1	3,14325977	0,496396516	0,8725946	0,39326275	-0,54004875	-0,57181633	-2,1306541	4,0556594	M0	b0	f16
M4.R2.f16.g1.p1.u3.y1	3,48476288	0,046874429	0,8924822	0,31573517	-0,60727983	-0,64300218	-2,2593884	3,6635944	M4	b0	f16
B1.R2.b1.f16.g1.p1.u3.y1	3,96750746	1,687235819	0,8598021	0,92843291	-0,66988674	-0,70929184	-2,3729969	5,17691	M0	b1	f16
M4.B1.R2.b1.f16.g1.p1.u3.y1	4,04324083	1,21641154	0,8360881	0,76116638	-0,66721768	-0,70646578	-2,3682647	5,0588132	M4	b1	f16
B2.R2.b2.f16.g1.p1.u3.y1	2,44812722	0,986967471	0,775867	0,4299332	-0,41255336	-0,44005692	-1,7182975	3,950477	M0	b2	f16
M4.B2.R2.b2.f16.g1.p1.u3.y1	2,7349232	0,499947675	0,8014686	0,36516196	-0,47062415	-0,5019991	-1,8352507	3,64744	M4	b2	f16
B4.R2.b5.f16.g1.p1.u3.y1	1,94977393	0,557502608	0,8963941	0,4057702	-0,46875215	-0,50481001	-1,6203442	3,038993	M0	b5	f16
M4.B4.R2.b5.f16.g1.p1.u3.y1	2,2999527	0,146059253	0,909682	0,33768749	-0,53021861	-0,57100465	-1,7233089	2,7048326	M4	b5	f16
B5.R2.b6.f16.g1.p1.u3.y1	2,52646665	0,553131656	0,9073036	0,46909678	-0,56085145	-0,60091226	-1,7738065	3,4598157	M0	b6	f16
M4.B5.R2.b6.f16.g1.p1.u3.y1	2,85188899	0,124974294	0,9165709	0,3864433	-0,62292845	-0,66742334	-1,8693964	3,1120026	M4	b6	f16
R2.f17.g1.p1.u3.y1	3,07186032	0,634546954	0,9248741	0,40672381	-0,52707314	-0,55635498	-2,2624132	4,2798037	M0	b0	f17
M4.R2.f17.g1.p1.u3.y1	3,4243752	0,154877667	0,9416899	0,32467258	-0,58722534	-0,61984897	-2,3880251	3,8650144	M4	b0	  f17
B1.R2.b1.f17.g1.p1.u3.y1	4,55649498	1,324350325	0,9749709	1,07411403	-0,79355404	-0,83764037	-2,7760338	5,4834803	M0	b1	f17
M4.B1.R2.b1.f17.g1.p1.u3.y1	4,60668966	0,93399941	0,9480904	0,88097221	-0,78880432	-0,83262678	-2,7677135	5,3681579	M4	b1	f17
B2.R2.b2.f17.g1.p1.u3.y1	2,29338612	1,230390199	0,7227895	0,35024423	-0,30741539	-0,32449403	-1,7278232	4,4393236	M0	b2	f17
M4.B2.R2.b2.f17.g1.p1.u3.y1	2,58849496	0,710197286	0,7469895	0,29622206	-0,35066042	-0,37014156	-1,8453548	4,0813734	M4	b2	f17
B4.R2.b5.f17.g1.p1.u3.y1	1,61471897	0,895506884	0,8531544	0,3399543	-0,33978061	-0,3610169	-1,7229432	3,5911644	M0	b5	f17
M4.B4.R2.b5.f17.g1.p1.u3.y1	1,96516516	0,435046574	0,8638797	0,28066747	-0,37966385	-0,40339284	-1,8212572	3,1805084	M4	b5	f17
B5.R2.b6.f17.g1.p1.u3.y1	2,01137061	0,982652283	0,8688178	0,39417164	-0,38740819	-0,41162121	-1,8397383	3,8882349	M0	b6	f17 
M4.B5.R2.b6.f17.g1.p1.u3.y1	2,31699229	0,494503763	0,8800549	0,32319303	-0,42800123	-0,4547513	-1,9337226	3,474674	M4	b6	f17
R2.f18.g1.p1.u3.y1	3,07636711	0,633672524	0,9251411	0,40713628	-0,52784516	-0,55716989	-2,2640695	4,2815435	M0	b0	f18
M4.R2.f18.g1.p1.u3.y1	3,42885854	0,154092007	0,9418866	0,32497704	-0,58800942	-0,62067661	-2,3896188	3,8671391	M4	b0	f18
B1.R2.b1.f18.g1.p1.u3.y1	4,55558979	1,328525002	0,9759776	1,07715548	-0,79389234	-0,83799747	-2,7766254	5,4843464	M0	b1	f18
M4.B1.R2.b1.f18.g1.p1.u3.y1	4,60509717	0,938675359	0,949221	0,88391634	-0,78911118	-0,83295069	-2,7682518	5,3693029	M4	b1	f18
B2.R2.b2.f18.g1.p1.u3.y1	2,29460789	1,232968697	0,723075	0,3508873	-0,30770459	-0,32479929	-1,7286357	4,4418848	M0	b2	f18
M4.B2.R2.b2.f18.g1.p1.u3.y1	2,59056954	0,711847911	0,7474389	0,29684103	-0,35117185	-0,3706814	-1,8467	4,0846122	M4	b2	f18
B4.R2.b5.f18.g1.p1.u3.y1	1,61884463	0,896935702	0,8543073	0,34099053	-0,3408088	-0,36210935	-1,7255481	3,5950017	M0	b5	f18
M4.B4.R2.b5.f18.g1.p1.u3.y1	1,97020106	0,435768955	0,8651077	0,28155679	-0,38091776	-0,40472512	-1,8242622	3,1851373	M4	b5	f18
B5.R2.b6.f18.g1.p1.u3.y1	2,01333809	0,982682849	0,8693828	0,39463186	-0,38795487	-0,41220205	-1,8410359	3,8892567	M0	b6	f18
M4.B5.R2.b6.f18.g1.p1.u3.y1	2,31910222	0,494449475	0,8806131	0,32357504	-0,42859752	-0,45538487	-1,9350691	3,4760006	M4	b6	f18
R2.f2.g1.p1.u3.y1	1,86334473	0,140796105	0,8079868	0,17793311	-0,31610955	-0,3327469	-1,7944289	2,512551	M0	b0	f2
M4.R2.f2.g1.p1.u3.y1	2,04597179	0,089417202	0,8187639	0,1502582	-0,33736127	-0,35511713	-1,8537666	2,0848896	M4	b0	f2
B1.R2.b1.f2.g1.p1.u3.y1	2,38982605	1,424660581	0,8888501	0,46520825	-0,41156867	-0,43323018	-2,0475221	4,7429464	M0	b1	f2
M4.B1.R2.b1.f2.g1.p1.u3.y1	2,42217846	1,092145641	0,8717665	0,39546486	-0,40436069	-0,42564283	-2,0295133	4,4958965	M4	b1	f2
B2.R2.b2.f2.g1.p1.u3.y1	0,83051074	0,348552029	0,5045702	0,10873101	-0,10993743	-0,11572361	-1,0582304	2,3211406	M0	b2	f2
M4.B2.R2.b2.f2.g1.p1.u3.y1	1,09891158	0,091801464	0,5562481	0,10126624	-0,14049032	-0,14788455	-1,196274	1,74E+00	M4	b2	f2
B4.R2.b5.f2.g1.p1.u3.y1	0,11726246	0,161854566	0,5955513	0,10042294	-0,12430004	-0,13084215	-1,1252346	1,17E+00	M0	b5	f2
M4.B4.R2.b5.f2.g1.p1.u3.y1	0,35792576	0,056684343	0,6120085	0,08693516	-0,13818177	-0,1454545	-1,1864046	8,23E-01	M4	b5	f2
B5.R2.b6.f2.g1.p1.u3.y1	0,70386215	0,21905666	0,6336614	0,12194158	-0,15974293	-0,16815045	-1,275611	1,84E+00	M0	b6	f2
M4.B5.R2.b6.f2.g1.p1.u3.y1	0,90275259	0,007929586	0,6500767	0,10495723	-0,17535087	-0,18457986	-1,3364768	1,18E+00	M4	b6	f2
R2.f3.g1.p1.u3.y1	1,82797424	0,421427872	0,7576944	0,20556479	-0,2843729	-0,29933989	-1,7019686	3,18E+00	M0	b0	f3
M4.R2.f3.g1.p1.u3.y1	2,00106997	0,166045219	0,761898	0,17505277	-0,29982477	-0,31560502	-1,7475967	2,68E+00	M4	b0	f3
B1.R2.b1.f3.g1.p1.u3.y1	2,30223038	1,818926308	0,8635511	0,51442316	-0,38753365	-0,40793015	-1,9868366	4,94E+00	M0	b1	f3
M4.B1.R2.b1.f3.g1.p1.u3.y1	2,36448792	1,439758105	0,8465726	0,44107693	-0,3830953	-0,40325821	-1,9754264	4,74E+00	M4	b1	f3
B2.R2.b2.f3.g1.p1.u3.y1	0,91870312	0,566649722	0,4518729	0,11430727	-0,0918569	-0,09669147	-0,9673048	2,90E+00	M0	b2	f3
M4.B2.R2.b2.f3.g1.p1.u3.y1	1,18674255	0,283998998	0,502231	0,10863778	-0,11972974	-0,12603131	-1,1043544	2,37E+00	M4	b2	f3
B4.R2.b5.f3.g1.p1.u3.y1	0,19063896	0,370650117	0,5093816	0,10202736	-0,09524946	-0,10026259	-0,9850056	1,90E+00	M0	b5	f3
M4.B4.R2.b5.f3.g1.p1.u3.y1	0,44841834	0,129141711	0,526422	0,09004029	-0,10779423	-0,11346761	-1,0478647	1,27E+00	M4	b5	f3
B5.R2.b6.f3.g1.p1.u3.y1	0,71697663	0,44811681	0,5531663	0,12620046	-0,12610379	-0,13274083	-1,1333695	2,47E+00	M0	b6	f3
M4.B5.R2.b6.f3.g1.p1.u3.y1	0,92342043	0,195162166	0,5647449	0,10966727	-0,13791297	-0,14517155	-1,1852501	1,90E+00	M4	b6	f3
R2.f4.g1.p1.u3.y1	2,00597761	0,273638435	0,9243912	0,14564413	-0,39532478	-0,41613135	-2,0067093	1,62E+00	M0	b0	f4
M4.R2.f4.g1.p1.u3.y1	2,29162813	0,682664569	0,9516372	0,12055735	-0,43879272	-0,46188707	-2,1141566	1,69E+00	M4	b0	f4
B1.R2.b1.f4.g1.p1.u3.y1	2,54197437	0,862704323	0,9164858	0,38206235	-0,4442422	-0,46762337	-2,1272442	4,33E+00	M0	b1	f4
M4.B1.R2.b1.f4.g1.p1.u3.y1	2,56591374	0,571154484	0,9021813	0,31824515	-0,43805759	-0,46111325	-2,1123849	3,96E+00	M4	b1	f4
B2.R2.b2.f4.g1.p1.u3.y1	4,26183442	1,127783325	0,7007644	0,10918008	-0,50627146	-0,53291732	-2,2709061	2,16E+00	M0	b2	f4
M4.B2.R2.b2.f4.g1.p1.u3.y1	4,22418166	1,54758419	0,7067833	0,09115583	-0,50608982	-0,53272612	-2,2704986	1,84E+00	M4	b2	f4
B4.R2.b5.f4.g1.p1.u3.y1	0,34364308	0,197453749	0,8425847	0,10649666	-0,23605167	-0,24847545	-1,55064	1,29E+00	M0	b5	f4
M4.B4.R2.b5.f4.g1.p1.u3.y1	0,64609683	0,533852203	0,8744699	0,0903722	-0,26744325	-0,28151921	-1,6505294	2,46E+00	M4	b5	f4
B5.R2.b6.f4.g1.p1.u3.y1	0,95908945	0,129030286	0,8019146	0,11764889	-0,2510643	-0,26427821	-1,5991895	1,20E+00	M0	b6	f4
M4.B5.R2.b6.f4.g1.p1.u3.y1	1,29394088	0,475501937	0,8537937	0,1015354	-0,29895896	-0,31469365	-1,7450715	1,60E+00	M4	b6	f4
R2.f5.g1.p1.u3.y1	2,02797177	0,048611241	0,857389	0,16359765	-0,35862934	-0,37750457	-1,9113066	2,18E+00	M0	b0	f5
M4.R2.f5.g1.p1.u3.y1	2,25608545	0,338875001	0,8743711	0,13691122	-0,38965877	-0,41016713	-1,9922768	1,70E+00	M4	b0	f5
B1.R2.b1.f5.g1.p1.u3.y1	2,43638458	1,159030599	0,8924842	0,42021517	-0,41851889	-0,4405462	-2,0647381	4,56E+00	M0	b1	f5
M4.B1.R2.b1.f5.g1.p1.u3.y1	2,49975547	0,825971689	0,8771773	0,35327427	-0,41561354	-0,43748794	-2,057559	4,26E+00	M4	b1	f5
B2.R2.b2.f5.g1.p1.u3.y1	0,81068996	0,207009614	0,6065186	0,11723164	-0,15199231	-0,15999191	-1,2442804	1,93E+00	M0	b2	f5
M4.B2.R2.b2.f5.g1.p1.u3.y1	1,14598662	0,048009142	0,6635168	0,10703791	-0,19295526	-0,2031108	-1,4019604	1,40E+00	M4	b2	f5
B4.R2.b5.f5.g1.p1.u3.y1	0,23711963	0,022085178	0,6611906	0,09995118	-0,15376163	-0,16185435	-1,2515017	8,64E-01	M0	b5	f5
M4.B4.R2.b5.f5.g1.p1.u3.y1	0,52837993	0,228425934	0,6937035	0,0871562	-0,17884381	-0,18825664	-1,3497222	1,16E+00	M4	b5	f5
B5.R2.b6.f5.g1.p1.u3.y1	0,81728909	0,069415892	0,7014267	0,12085546	-0,19527273	-0,20555024	-1,4103544	1,42E+00	M0	b6	f5
M4.B5.R2.b6.f5.g1.p1.u3.y1	1,07850928	0,179779882	0,7348698	0,10468054	-0,22468163	-0,23650698	-1,5128338	1,10E+00	M4	b6	f5
R2.f6.g1.p1.u3.y1	1,88505971	0,013007868	0,8612027	0,16564588	-0,34852727	-0,36687081	-1,8841949	2,13E+00	M0	b0	f6
M4.R2.f6.g1.p1.u3.y1	2,08349664	0,280049207	0,8811045	0,13956989	-0,37750691	-0,3973757	-1,9609653	1,65E+00	M4	b0	f6
B1.R2.b1.f6.g1.p1.u3.y1	2,40726795	1,22313145	0,9037319	0,43611715	-0,42236231	-0,44459191	-2,0741971	4,60E+00	M0	b1	f6
M4.B1.R2.b1.f6.g1.p1.u3.y1	2,42429027	0,909258263	0,8874822	0,36833454	-0,41422705	-0,43602847	-2,0541241	4,32E+00	M4	b1	f6
B2.R2.b2.f6.g1.p1.u3.y1	0,78268545	0,230343965	0,5588823	0,10939855	-0,13060003	-0,13747372	-1,1533977	1,97E+00	M0	b2	f6
M4.B2.R2.b2.f6.g1.p1.u3.y1	1,06603936	0,015767357	0,616245	0,10100927	-0,16667772	-0,17545023	-1,3030054	1,37E+00	M4	b2	f6
B4.R2.b5.f6.g1.p1.u3.y1	0,07717006	0,044223719	0,6840824	0,10345279	-0,15717647	-0,16544892	-1,2653225	9,14E-01	M0	b5	f6
M4.B4.R2.b5.f6.g1.p1.u3.y1	0,3182725	0,187722071	0,7076702	0,08930183	-0,17610639	-0,18537515	-1,3393529	1,15E+00	M4	b5	f6
B5.R2.b6.f6.g1.p1.u3.y1	0,71068497	0,089950463	0,7047869	0,12183329	-0,19185079	-0,2019482	-1,3979423	1,40E+00	M0	b6	f6
M4.B5.R2.b6.f6.g1.p1.u3.y1	0,92614127	0,143565442	0,7327033	0,10514213	-0,21549021	-0,2268318	-1,4815668	1,09E+00	M4	b6	f6
R2.f7.g1.p1.u3.y1	1,82259471	0,31527511	0,7908717	0,19898936	-0,3030828	-0,31903452	-1,7570661	2,92E+00	M0	b0	f7
M4.R2.f7.g1.p1.u3.y1	1,99556397	0,073109958	0,7985579	0,16934093	-0,32117758	-0,33808166	-1,8087563	2,48E+00	M4	b0	f7
B1.R2.b1.f7.g1.p1.u3.y1	2,28889943	1,700709278	0,8701148	0,49566321	-0,39023915	-0,41077806	-1,9937599	4,87E+00	M0	b1	f7
M4.B1.R2.b1.f7.g1.p1.u3.y1	2,35E+00	1,330233218	0,853234	0,42341231	-0,38548871	-0,40577759	-1,9815876	4,66E+00	M4	b1	f7
B2.R2.b2.f7.g1.p1.u3.y1	8,51E-01	0,502195984	0,4775482	0,11483138	-0,09993041	-0,10518991	-1,008919	2,70E+00	M0	b2	f7
M4.B2.R2.b2.f7.g1.p1.u3.y1	1,12E+00	0,22585483	0,5297396	0,10851141	-0,12958447	-0,1364047	-1,1489045	2,17E+00	M4	b2	f7
B4.R2.b5.f7.g1.p1.u3.y1	9,83E-02	0,30635066	0,5526039	0,1043451	-0,10811525	-0,11380552	-1,0494238	1,6539157	M0	b5	f7
M4.B4.R2.b5.f7.g1.p1.u3.y1	3,44E-01	0,07423882	0,5685269	0,09133415	-0,12076065	-0,12711648	-1,1090986	0,9995901	M4	b5	f7
B5.R2.b6.f7.g1.p1.u3.y1	6,69E-01	0,373758369	0,5886507	0,12673656	-0,13919993	-0,14652625	-1,1907675	2,2560305	M0	b6	f7
M4.B5.R2.b6.f7.g1.p1.u3.y1	8,72E-01	0,129354916	0,6031219	0,11005233	-0,15284584	-0,16089036	-1,2477692	1,6526222	M4	b6	f7
R2.f8.g1.p1.u3.y1	2,23E+00	3,78E-01	0,662475	0,18555655	-0,2561089	-0,26958832	-1,6151757	3,3716807	M0	b0	f8
M4.R2.f8.g1.p1.u3.y1	2,47E+00	1,02E-01	0,6640061	0,15558308	-0,27475786	-0,2892188	-1,6729483	2,8624626	M4	b0	f8
B1.R2.b1.f8.g1.p1.u3.y1	2,30E+00	2,19E+00	0,8495808	0,57231981	-0,37909146	-0,39904364	-1,9650764	5,1131656	M0	b1	f8
M4.B1.R2.b1.f8.g1.p1.u3.y1	2,34E+00	1,82E+00	0,8296106	0,49536172	-0,37021282	-0,3896977	-1,9419282	4,9548625	M4	b1	f8
B2.R2.b2.f8.g1.p1.u3.y1	1,38E+00	5,19E-01	0,415712	0,10913619	-0,08928523	-0,09398446	-0,9536681	3,0971952	M0	b2	f8
M4.B2.R2.b2.f8.g1.p1.u3.y1	1,65E+00	2,41E-01	0,4572406	0,10253088	-0,11481563	-0,12085856	-1,0814538	2,5749932	M4	b2	f8
B4.R2.b5.f8.g1.p1.u3.y1	9,06E-01	2,90E-01	0,4557642	0,09478697	-0,09300732	-0,09790244	-0,9733432	2,1404239	M0	b5	f8
M4.B4.R2.b5.f8.g1.p1.u3.y1	1,26E+00	3,47E-02	0,4886449	0,0860216	-0,11607205	-0,12218111	-1,0873548	1,5488202	M4	b5	f8
B5.R2.b6.f8.g1.p1.u3.y1	1,12E+00	4,33E-01	0,4654613	0,111128	-0,10248514	-0,10787909	-1,0217341	2,717935	M0	b6	f8
M4.B5.R2.b6.f8.g1.p1.u3.y1	1,40E+00	1,63E-01	0,4835349	0,09774783	-0,1183345	-0,12456263	-1,0979009	2,1081793	M4	b6	f8
R2.f9.g1.p1.u3.y1	2,32E+00	3,14E-02	0,841587	0,17244396	-0,37542123	-0,39518024	-1,9555407	2,4994367	M0	b0	f9
M4.R2.f9.g1.p1.u3.y1	2,56E+00	3,20E-01	0,8434686	0,14195643	-0,40008063	-0,4211375	-2,0187438	2,0522013	M4	b0	f9
B1.R2.b1.f9.g1.p1.u3.y1	2,53E+00	1,21E+00	0,8802481	0,43242528	-0,42079523	-0,44294235	-2,0703456	4,6476131	M0	b1	f9
M4.B1.R2.b1.f9.g1.p1.u3.y1	2,60E+00	8,80E-01	0,8637334	0,36500062	-0,4173659	-0,43933253	-2,0618921	4,3746994	M4	b1	f9
B2.R2.b2.f9.g1.p1.u3.y1	1,16E+00	2,30E-01	0,5801832	0,12031769	-0,15389163	-0,16199118	-1,2520306	2,241427	M0	b2	f9
M4.B2.R2.b2.f9.g1.p1.u3.y1	1,46E+00	2,21E-02	0,619977	0,10744365	-0,18642793	-0,19623993	-1,3780435	1,6836272	M4	b2	f9
B4.R2.b5.f9.g1.p1.u3.y1	3,46E-01	6,44E-02	0,5970552	0,09517251	-0,13187284	-0,13881352	-1,1590045	0,9890382	M0	b5	f9
M4.B4.R2.b5.f9.g1.p1.u3.y1	6,44E-01	1,77E-01	0,6173663	0,08199682	-0,15042584	-0,15834298	-1,2378518	0,9187741	M4	b5	f9
B5.R2.b6.f9.g1.p1.u3.y1	9,15E-01	1,17E-01	0,6239089	0,11349849	-0,16388086	-0,17250617	-1,2920269	1,6679269	M0	b6	f9
M4.B5.R2.b6.f9.g1.p1.u3.y1	1,16E+00	1,22E-01	0,6456812	0,09742581	-0,18508745	-0,19482889	-1,3730803	1,0455575	M4	b6	f9

