	Intercept	Slope	ICerror	SLerror	r.squared	adj.r.squared	RMSD	MAD	p	b	f
g1.u3	2,1688976	1,22E-01	0,8232764	0,15033502	-0,35071687	-0,36917565	-1,8901043	2,0838458	p0	b0	f0
B1.b1.g1.u3	2,50789898	1,06E+00	0,899236	0,41054982	-0,43008153	-0,4527174	-2,0930656	4,5079068	p0	b1	f0
B2.b2.g1.u3	0,92161955	1,61E-01	0,6179919	1,17E-01	-0,16147348	-0,16997209	-1,282502	1,86E+00	p0	 b2	f0  
B4.b5.g1.u3	0,37518224	8,19E-03	0,5141593	7,64E-02	-0,10139245	-0,10672889	-1,0162727	8,00E-01	p0	b5	f0
B6.b7.g1.u3	0,48444249	2,31E-02	0,6704174	1,05E-01	-0,16696212	-0,1757496	-1,3041166	9,87E-01	p0	b7	f0
f6.g1.u3	1,88948141	4,36E-02	0,8631038	1,61E-01	-0,34999031	-0,36841085	-1,8881455	2,04E+00	p0	b0	f6
B1.b1.f6.g1.u3	2,4244024	1,20E+00	0,9064078	4,34E-01	-0,42574162	-0,44814907	-2,0824784	4,59E+00	p0	b1	f6
B2.b2.f6.g1.u3	0,78815329	2,10E-01	0,5672354	1,09E-01	-0,13428665	-0,14135437	-1,1695637	1,91E+00	p0	b2	f6
B4.b5.f6.g1.u3	0,09582517	2,24E-02	0,6956173	1,03E-01	-0,16246935	-0,17102037	-1,2864508	9,15E-01	p0	b5	f6
B6.b7.f6.g1.u3	0,33542702	7,46E-02	0,6940852	1,12E-01	-0,17106759	-0,18007115	-1,3200529	1,06E+00	p0	b7	f6
f7.g1.u3	1,83010846	2,77E-01	0,7924539	1,94E-01	-0,30456643	-0,32059624	-1,7613614	2,82E+00	p0	b0	f7
B1.b1.f7.g1.u3	2,30295882	1,67E+00	0,8735889	4,94E-01	-0,39370429	-0,41442557	-2,0025922	4,86E+00	p0	b1	f7
B2.b2.f7.g1.u3	0,84738483	4,80E-01	0,482053	1,14E-01	-0,10157346	-0,10691944	-1,0171795	2,65E+00	p0	b2	f7
B4.b5.f7.g1.u3	0,1058618	2,83E-01	0,5594979	1,04E-01	-0,11077513	-0,1166054	-1,0622545	1,58E+00	p0	b5	f7
B6.b7.f7.g1.u3	0,32945531	3,46E-01	0,568683	1,14E-01	-0,12039323	-0,12672972	-1,1074101	1,95E+00	p0	b7	f7
f8.g1.u3	2,22801847	3,78E-01	0,6626201	1,86E-01	-0,25622882	-0,26971455	-1,6155538	3,37E+00	p0	b0	f8
B1.b1.f8.g1.u3	2,30355727	2,19E+00	0,8497636	5,72E-01	-0,37923218	-0,39919177	-1,9654411	5,11E+00	p0	b1	f8
B2.b2.f8.g1.u3	1,38439524	5,19E-01	0,4156914	1,09E-01	-0,08926723	-0,0939655	-0,953572	3,10E+00	p0	b2	f8
B4.b5.f8.g1.u3	0,90524883	2,90E-01	0,4557544	9,48E-02	-0,09299259	-0,09788693	-0,9732661	2,14E+00	p0	b5	f8
B6.b7.f8.g1.u3	1,05542765	3,35E-01	0,4371394	9,61E-02	-0,08958436	-0,09429933	-0,9552643	2,40E+00	p0	b7	f8
f9.g1.u3	2,09457315	1,42E-02	0,813423	1,62E-01	-0,33830265	-0,35610805	-1,8563512	2,34E+00	p0	b0	f9
B1.b1.f9.g1.u3	2,53177989	1,21E+00	0,8804381	4,33E-01	-0,42097008	-0,4431264	-2,0707757	4,65E+00	p0	b1	f9
B2.b2.f9.g1.u3	1,03094314	1,95E-01	0,6783372	1,35E-01	-0,19456257	-0,20480271	-1,4077875	2,19E+00	p0	b2	f9
B4.b5.f9.g1.u3	3,33569068	1,17E+00	1,2065452	1,59E-01	-0,69437779	-0,73092398	-2,6595328	1,85E+00	p0	b5	f9 
B6.b7.f9.g1.u3	0,60839882	1,02E-01	0,5627317	9,62E-02	-0,1265407	-0,13320074	-1,1353312	1,34E+00	p0	b7	f9
g1.p1.u3	2,0710538	1,06E-01	0,8566594	1,56E-01	-0,36200977	-0,38106291	-1,9202934	2,05E+00	p1	b0	f0
B1.b1.g1.p1.u3	2,50757327	1,06E+00	0,8991393	4,10E-01	-0,42998796	-0,4526189	-2,0928379	4,51E+00	p1	b1	f0
B2.b2.g1.p1.u3	0,95904688	9,49E-02	0,7962373	1,44E-01	-0,24826756	-0,26133428	-1,5902574	1,87E+00	p1	b2	f0
B4.b5.g1.p1.u3	0,5478332	1,06E-01	0,7684492	1,08E-01	-0,2130706	-0,22428484	-1,4732254	1,04E+00	p1	b5	f0
B6.b7.g1.p1.u3	0,48377106	2,32E-02	0,6702016	1,05E-01	-0,16684312	-0,17562434	-1,3036518	9,86E-01	p1	b7	f0
f6.g1.p1.u3	1,88506887	1,30E-02	0,8612113	1,66E-01	-0,34853292	-0,36687676	-1,8842102	2,13E+00	p1	b0	f6
B1.b1.f6.g1.p1.u3	2,40726533	1,22E+00	0,9037307	4,36E-01	-0,42236128	-0,44459082	-2,0741946	4,60E+00	p1	b1	f6
B2.b2.f6.g1.p1.u3	0,7826732	2,30E-01	0,5589065	1,09E-01	-0,13060972	-0,13748392	-1,1534405	1,97E+00	p1	b2	f6
B4.b5.f6.g1.p1.u3	0,07716588	4,42E-02	0,6840983	1,03E-01	-0,15718265	-0,16545542	-1,2653473	9,14E-01	p1	b5	f6
B6.b7.f6.g1.p1.u3	0,31722389	9,74E-02	0,6836604	1,12E-01	-0,16598335	-0,17471932	-1,3002885	1,12E+00	p1	b7	f6
f7.g1.p1.u3	1,82260147	3,15E-01	0,7908802	1,99E-01	-0,3030882	-0,31904021	-1,7570817	2,92E+00	p1	b0	f7
B1.b1.f7.g1.p1.u3	2,28890065	1,70E+00	0,8701153	4,96E-01	-0,39023954	-0,41077847	-1,9937609	4,87E+00	p1	b1	f7
B2.b2.f7.g1.p1.u3	0,85098964	5,02E-01	0,4775683	1,15E-01	-0,09993754	-0,10519741	-1,0089549	2,70E+00	p1	b2	f7
B4.b5.f7.g1.p1.u3	0,09832319	3,06E-01	0,5526187	1,04E-01	-0,10812026	-0,1138108	-1,0494482	1,65E+00	p1	b5	f7
B6.b7.f7.g1.p1.u3	0,32225561	3,70E-01	0,5615514	1,15E-01	-0,1174822	-0,12366548	-1,09394	2,01E+00	p1	b7	f7
f8.g1.p1.u3	2,22759462	3,78E-01	0,662475	1,86E-01	-0,2561089	-0,26958832	-1,6151757	3,37E+00	p1	b0	f8
B1.b1.f8.g1.p1.u3	2,30325628	2,19E+00	0,8495808	5,72E-01	-0,37909146	-0,39904364	-1,9650764	5,11E+00	p1	b1	f8
B2.b2.f8.g1.p1.u3	1,38478627	5,19E-01	0,415712	1,09E-01	-0,08928523	-0,09398446	-0,9536681	3,10E+00	p1	b2	f8
B4.b5.f8.g1.p1.u3	0,90569869	2,90E-01	0,4557642	9,48E-02	-0,09300732	-0,09790244	-0,9733432	2,14E+00	p1	b5	f8
B6.b7.f8.g1.p1.u3	1,05593076	3,35E-01	0,4371956	9,61E-02	-0,08961792	-0,09433465	-0,9554432	2,40E+00	p1	b7	f8
f9.g1.p1.u3	2,43555795	5,43E-02	0,8729781	1,80E-01	-0,40645595	-0,42784837	-2,0347647	2,53E+00	p1	b0	f9
B1.b1.f9.g1.p1.u3	2,53123116	1,21E+00	0,8802467	4,32E-01	-0,42079352	-0,44294055	-2,0703414	4,65E+00	p1	b1	f9
B2.b2.f9.g1.p1.u3	0,95096342	2,33E-01	0,6375472	1,29E-01	-0,17165438	-0,18068882	-1,3223149	2,17E+00	p1	b2	f9
B4.b5.f9.g1.p1.u3	6,55471494	2,02E+01	0,7089948	6,14E-02	-0,96331472	-1,0140155	-3,1325034	3,61E+00	p1	b5	f9
B6.b7.f9.g1.p1.u3	0,60639453	1,02E-01	0,5626522	9,62E-02	-0,12644543	-0,13310046	-1,1349037	1,34E+00	p1	b7	f9

