	Intercept	Slope	ICerror	SLerror	r.squared	adj.r.squared	RMSD	MAD	s	b	f
R2.g1.p1.u3.y1	2,0461152	1,02E-01	0,8575638	0,15624383	-0,36033099	-0,37929578	-1,9158357	2,0402197	s0	b0	f0
R2.g1.p1.s1.u3.y1	2,26140096	5,49E-01	0,7784053	0,10423019	-0,33119689	-0,3486283	-1,8367522	1,4118297	s1	b0	f0
B1.R2.b1.g1.p1.u3.y1	2,50758083	1,06E+00	0,8991416	0,41049166	-0,42999018	-0,45262125	-2,0928433	4,5078366	s0	b1	f0
B1.R2.b1.g1.p1.s1.u3.y1	2,63471299	3,23E-01	0,7968821	0,23645255	-0,37778825	-0,39767184	-1,9616958	3,5520563	s1	b1	f0
B2.R2.b2.g1.p1.u3.y1	1,15557684	1,05E-01	0,5898129	0,10981091	-0,1580625	-0,16638158	-1,2688839	1,8450668	s0	b2	f0
B2.R2.b2.g1.p1.s1.u3.y1	3,21922847	1,41E+00	1,0382919	0,11603454	-0,5976106	-0,62906379	-2,4672695	1,9221958	s1	b2	f0
B4.R2.b5.g1.p1.u3.y1	0,35474723	5,86E-02	0,7778706	0,11105698	-0,2079835	-0,21893	-1,4555324	1,0228945	s0	b5	f0
B4.R2.b5.g1.p1.s1.u3.y1	0,75512201	6,26E-01	0,5868119	5,73E-02	-0,1414326	-0,14887642	-1,200279	2,78E+00	s1	b5	f0
B6.R2.b7.g1.p1.u3.y1	0,48273826	2,33E-02	0,6702913	1,05E-01	-0,16684042	-0,1756215	-1,3036412	9,86E-01	s0	b7	f0
B6.R2.b7.g1.p1.s1.u3.y1	0,98024526	5,49E-01	0,5278759	5,57E-02	-0,12403963	-0,13056803	-1,1240553	2,12E+00	s1	b7	f0
R2.f10.g1.p1.u3.y1	2,29195046	4,94E-01	0,8868337	1,26E-01	-0,40062669	-0,4217123	-2,020121	1,63E+00	s0	b0	f10
R2.f10.g1.p1.s1.u3.y1	2,37182522	1,05E+00	0,8016837	8,32E-02	-0,35567505	-0,37439479	-1,9034179	2,39E+00	s1	b0	f10
B1.R2.b1.f10.g1.p1.u3.y1	2,73982909	5,83E-01	0,9116686	3,37E-01	-0,46313638	-0,48751198	-2,1720104	4,09E+00	s0	b1	f10
B1.R2.b1.f10.g1.p1.s1.u3.y1	2,68909882	7,20E-02	0,7992016	1,95E-01	-0,38481578	-0,40506925	-1,9798573	2,94E+00	s1	b1	f10
B2.R2.b2.f10.g1.p1.u3.y1	5,70464896	8,15E+00	0,9164976	9,83E-02	-0,93882851	-0,98824054	-3,092435	3,01E+00	s0	b2	f10
B2.R2.b2.f10.g1.p1.s1.u3.y1	6,53026764	1,16E+02	0,7687889	2,14E-02	-0,99129268	-1,04346597	-3,1776671	9,83E+00	s1	b2	f10
B4.R2.b5.f10.g1.p1.u3.y1	0,73082272	4,14E-01	0,8872128	1,01E-01	-0,27859263	-0,2932554	-1,6845824	1,80E+00	s0	b5	f10
B4.R2.b5.f10.g1.p1.s1.u3.y1	0,78943544	1,03E+00	0,6309673	4,96E-02	-0,16195414	-0,17047804	-1,2844094	5,00E+00	s1	b5	f10
B6.R2.b7.f10.g1.p1.u3.y1	0,88530441	3,17E-01	0,8074581	1,00E-01	-0,24946323	-0,26259288	-1,5940822	1,32E+00	s0	b7	f10
B6.R2.b7.f10.g1.p1.s1.u3.y1	0,96747768	9,16E-01	0,5596554	4,78E-02	-0,13725921	-0,14448337	-1,1824375	4,04E+00	s1	b7	f10
R2.f2.g1.p1.u3.y1	1,86334473	1,41E-01	0,8079868	1,78E-01	-0,31610955	-0,3327469	-1,7944289	2,51E+00	s0	b0	f2
R2.f2.g1.p1.s1.u3.y1	2,05215919	2,32E-01	0,7355927	1,18E-01	-0,2879771	-0,30313379	-1,7127202	1,65E+00	s1	b0	f2
B1.R2.b1.f2.g1.p1.u3.y1	2,38982605	1,42E+00	0,8888501	4,65E-01	-0,41156867	-0,43323018	-2,0475221	4,74E+00	s0	b1	f2
B1.R2.b1.f2.g1.p1.s1.u3.y1	2,60083327	5,22E-01	0,7939923	2,69E-01	-0,37252076	-0,39212711	-1,9479719	3,90E+00	s1	b1	f2
B2.R2.b2.f2.g1.p1.u3.y1	0,83051074	3,49E-01	0,5045702	1,09E-01	-0,10993743	-0,11572361	-1,0582304	2,32E+00	s0	b2	f2
B2.R2.b2.f2.g1.p1.s1.u3.y1	1,56184656	2,39E-01	0,4957758	7,15E-02	-0,1295507	-0,13636915	-1,1487548	1,01E+00	s1	b2	f2
B4.R2.b5.f2.g1.p1.u3.y1	0,11726246	1,62E-01	0,5955513	1,00E-01	-0,12430004	-0,13084215	-1,1252346	1,17E+00	s0	b5	f2
B4.R2.b5.f2.g1.p1.s1.u3.y1	0,81372929	4,04E-01	0,5045769	5,73E-02	-0,10946387	-0,11522512	-1,0559488	1,57E+00	s1	b5	f2
B6.R2.b7.f2.g1.p1.u3.y1	0,34437008	2,16E-01	0,5981264	1,09E-01	-0,13224247	-0,1392026	-1,1606277	1,56E+00	s0	b7	f2
B6.R2.b7.f2.g1.p1.s1.u3.y1	1,00102623	3,47E-01	0,5160655	6,28E-02	-0,11972694	-0,12602836	-1,1043415	1,24E+00	s1	b7	f2
R2.f3.g1.p1.u3.y1	1,82797424	4,21E-01	0,7576944	2,06E-01	-0,2843729	-0,29933989	-1,7019686	3,18E+00	s0	b0	f3
R2.f3.g1.p1.s1.u3.y1	2,0557888	5,34E-03	0,6944713	1,36E-01	-0,26349358	-0,27736167	-1,6382964	2,28E+00	s1	b0	f3
B1.R2.b1.f3.g1.p1.u3.y1	2,30223038	1,82E+00	0,8635511	5,14E-01	-0,38753365	-0,40793015	-1,9868366	4,94E+00	s0	b1	f3
B1.R2.b1.f3.g1.p1.s1.u3.y1	2,63672762	7,12E-01	0,7822836	3,00E-01	-0,36828947	-0,38767313	-1,9368773	4,20E+00	s1	b1	f3
B2.R2.b2.f3.g1.p1.u3.y1	0,91870312	5,67E-01	0,4518729	1,14E-01	-0,0918569	-0,09669147	-0,9673048	2,90E+00	s0	b2	f3
B2.R2.b2.f3.g1.p1.s1.u3.y1	1,76942665	1,04E-01	0,5042093	8,44E-02	-0,14150607	-0,14895376	-1,2005907	1,60E+00	s1	b2	f3
B4.R2.b5.f3.g1.p1.u3.y1	0,19063896	3,71E-01	0,5093816	1,02E-01	-0,09524946	-0,10026259	-0,9850056	1,90E+00	s0	b5	f3
B4.R2.b5.f3.g1.p1.s1.u3.y1	1,04617374	2,39E-01	0,4994246	6,65E-02	-0,11416911	-0,12017801	-1,0784047	8,46E-01	s1	b5	f3
B6.R2.b7.f3.g1.p1.u3.y1	0,39841709	4,34E-01	0,5160177	1,11E-01	-0,102654	-0,10805684	-1,0225755	2,22E+00	s0	b7	f3
B6.R2.b7.f3.g1.p1.s1.u3.y1	1,2012997	1,86E-01	0,5052248	7,19E-02	-0,1214965	-0,12789105	-1,1124726	8,41E-01	s1	b7	f3
R2.f6.g1.p1.u3.y1	1,88505971	1,30E-02	0,8612027	1,66E-01	-0,34852727	-0,36687081	-1,8841949	2,13E+00	s0	b0	f6
R2.f6.g1.p1.s1.u3.y1	2,04330876	4,05E-01	0,778182	1,10E-01	-0,31289113	-0,32935908	-1,7852707	1,36E+00	s1	b0	f6
B1.R2.b1.f6.g1.p1.u3.y1	2,40726795	1,22E+00	0,9037319	4,36E-01	-0,42236231	-0,44459191	-2,0741971	4,60E+00	s0	b1	f6
B1.R2.b1.f6.g1.p1.s1.u3.y1	2,55507793	4,20E-01	0,8004541	2,51E-01	-0,37227213	-0,3918654	-1,9473217	3,69E+00	s1	 b1	f6
B2.R2.b2.f6.g1.p1.u3.y1	0,78268545	2,30E-01	0,5588823	1,09E-01	-0,13060003	-0,13747372	-1,1533977	1,97E+00	s0	b2	f6
B2.R2.b2.f6.g1.p1.s1.u3.y1	1,42790863	3,25E-01	0,50481	6,66E-02	-0,12898557	-0,13577428	-1,1462465	9,28E-01	s1	b2	f6
B4.R2.b5.f6.g1.p1.u3.y1	0,07717006	4,42E-02	0,6840824	1,03E-01	-0,15717647	-0,16544892	-1,2653225	9,14E-01	s0	b5	f6
B4.R2.b5.f6.g1.p1.s1.u3.y1	0,64510077	5,16E-01	0,5331445	5,48E-02	-0,11587778	-0,12197661	-1,0864445	2,32E+00	s1	b5	f6
B6.R2.b7.f6.g1.p1.u3.y1	0,31722683	9,74E-02	0,683646	1,12E-01	-0,16597746	-0,17471311	-1,3002654	1,12E+00	 s0	b7	f6
B6.R2.b7.f6.g1.p1.s1.u3.y1	0,85743538	4,50E-01	0,5481551	6,08E-02	-0,12857856	-0,13534585	-1,1444366	1,77E+00	s1	b7	f6
R2.f7.g1.p1.u3.y1	1,82259471	3,15E-01	0,7908717	1,99E-01	-0,3030828	-0,31903452	-1,7570661	2,92E+00	s0	b0	f7
R2.f7.g1.p1.s1.u3.y1	2,03546001	7,73E-02	0,7201048	1,32E-01	-0,2774217	-0,29202284	-1,6810385	2,06E+00	s1	b0	f7
B1.R2.b1.f7.g1.p1.u3.y1	2,28889943	1,70E+00	0,8701148	4,96E-01	-0,39023915	-0,41077806	-1,9937599	4,87E+00	s0	b1	f7
B1.R2.b1.f7.g1.p1.s1.u3.y1	2,59505086	6,56E-01	0,7838186	2,88E-01	-0,36523872	-0,38446181	-1,9288384	4,10E+00	s1	b1	f7
B2.R2.b2.f7.g1.p1.u3.y1	0,85101273	5,02E-01	0,4775482	1,15E-01	-0,09993041	-0,10518991	-1,008919	2,70E+00	s0	b2  	f7
B2.R2.b2.f7.g1.p1.s1.u3.y1	1,6794067	1,38E-01	0,5090127	8,14E-02	-0,14033368	-0,14771966	-1,1956069	1,42E+00	s1	b2	f7
B4.R2.b5.f7.g1.p1.u3.y1	0,09833313	3,06E-01	0,5526039	1,04E-01	-0,10811525	-0,11380552	-1,0494238	1,65E+00	s0	b5	f7
B4.R2.b5.f7.g1.p1.s1.u3.y1	0,91809752	2,82E-01	0,5104811	6,45E-02	-0,11487416	-0,12092017	-1,0817294	1,02E+00	s1	b5	f7
B6.R2.b7.f7.g1.p1.u3.y1	0,32226527	3,70E-01	0,5615395	1,15E-01	-0,11747799	-0,12366104	-1,0939203	2,01E+00	s0	b7	f7
B6.R2.b7.f7.g1.p1.s1.u3.y1	1,09014084	2,25E-01	0,5203048	7,06E-02	-0,12438867	-0,13093544	-1,1256357	8,43E-01	s1	b7	f7
R2.f8.g1.p1.u3.y1	2,22759462	3,78E-01	0,662475	1,86E-01	-0,2561089	-0,26958832	-1,6151757	3,37E+00	s0	b0	f8
R2.f8.g1.p1.s1.u3.y1	2,40302842	3,27E-02	0,625999	1,27E-01	-0,24546615	-0,25838542	-1,5812599	2,45E+00	s1	b0	f8
B1.R2.b1.f8.g1.p1.u3.y1	2,30325628	2,19E+00	0,8495808	5,72E-01	-0,37909146	-0,39904364	-1,9650764	5,11E+00	s0	b1	f8
B1.R2.b1.f8.g1.p1.s1.u3.y1	2,68418594	8,99E-01	0,7777671	3,34E-01	-0,36995052	-0,3894216	-1,9412402	4,44E+00	s1	b1	f8
B2.R2.b2.f8.g1.p1.u3.y1	1,38478627	5,19E-01	0,415712	1,09E-01	-0,08928523	-0,09398446	-0,9536681	3,10E+00	s0	b2	f8
B2.R2.b2.f8.g1.p1.s1.u3.y1	2,16683143	1,54E-01	0,4877254	8,33E-02	-0,14949634	-0,15736457	-1,2340215	1,78E+00	s1	b2	f8
B4.R2.b5.f8.g1.p1.u3.y1	0,90569869	2,90E-01	0,4557642	9,48E-02	-0,09300732	-0,09790244	-0,9733432	2,14E+00	s0	b5	f8
B4.R2.b5.f8.g1.p1.s1.u3.y1	1,68345771	3,36E-01	0,4932779	0,06719906	-0,13280814	-0,13979804	-1,1631073	1,09E+00	s1	b5	f8
B6.R2.b7.f8.g1.p1.u3.y1	1,05593076	3,35E-01	0,4371956	0,09609399	-0,08961792	-0,09433465	-0,9554432	2,40E+00	s0	b7	f8
B6.R2.b7.f8.g1.p1.s1.u3.y1	1,78057551	2,87E-01	0,479724	0,06882506	-0,12981916	-0,13665175	-1,1499444	1,18E+00	s1	b7	f8
R2.f9.g1.p1.u3.y1	2,3164131	3,14E-02	0,841587	0,17244396	-0,37542123	-0,39518024	-1,9555407	2,50E+00	s0	b0	f9
R2.f9.g1.p1.s1.u3.y1	2,41653878	4,42E-01	0,7666054	0,11349684	-0,33735762	-0,35511328	-1,8537566	1,53E+00	s1	b0	f9
B1.R2.b1.f9.g1.p1.u3.y1	2,53123883	1,21E+00	0,8802481	0,43242528	-0,42079523	-0,44294235	-2,0703456	4,65E+00	s0	b1	f9
B1.R2.b1.f9.g1.p1.s1.u3.y1	2,72478424	3,91E-01	0,7884386	0,25051597	-0,38122737	-0,40129197	-1,9706046	3,76E+00	s1	b1	f9
B2.R2.b2.f9.g1.p1.u3.y1	1,16341181	2,30E-01	0,5801832	0,12031769	-0,15389163	-0,16199118	-1,2520306	2,24E+00	s0	b2	f9
B2.R2.b2.f9.g1.p1.s1.u3.y1	2,0585177	4,91E-01	0,6781549	0,08977421	-0,25389095	-0,26725363	-1,6081667	1,40E+00	s1	b2	f9
B4.R2.b5.f9.g1.p1.u3.y1	0,34597859	6,44E-02	0,5970552	0,09517251	-0,13187284	-0,13881352	-1,1590045	9,89E-01	s0	b5	f9
B4.R2.b5.f9.g1.p1.s1.u3.y1	0,95581477	5,26E-01	0,5321399	0,05682792	-0,1250505	-0,1316321	-1,1286263	2,02E+00	s1	b5	f9
B6.R2.b7.f9.g1.p1.u3.y1	0,60768007	1,02E-01	0,5625267	0,09619447	-0,12643547	-0,13308997	-1,134859	1,34E+00	s0	b7	f9
B6.R2.b7.f9.g1.p1.s1.u3.y1	1,22490711	4,85E-01	0,4859408	0,05538164	-0,1139346	-0,11993116	-1,0772965	1,58E+00	s1	b7	f9

