	Intercept	Slope	ICerror	SLerror	r.squared	adj.r.squared	RMSD	MAD	p	r	R	b	f
g1.r1.u3.y1	2,28569726	1,67E-01	0,8761624	0,15832964	-0,39358888	-0,41430408	-2,0022987	2,1150394	p0	r1	R0	b0	f0
B1.b1.g1.r1.u3.y1	2,50778914	1,06E+00	0,8991782	0,41050572	-0,43003452	-0,45266791	-2,0929512	4,5078317	p0	r1	R0	b1	f0
B2.b2.g1.r1.u3.y1	0,9841256	1,12E-01	0,5868865	0,1071311	-0,14991744	-0,15780783	-1,2357583	1,7134352	p0	r1	R0	b2	f0
B3.b3.g1.r1.u3.y1	0,85308092	1,55E-02	0,8836163	0,14246975	-0,28453098	-0,2995063	-1,7024416	1,2779953	p0	r1	R0	b3	f0
B7.b4.g1.r1.u3.y1	0,96094381	3,47E-02	0,7387415	1,26E-01	-0,22024019	-0,23183178	-1,4978066	1,40E+00	p0	r1	R0	b4	f0
B4.b5.g1.r1.u3.y1	0,77406877	1,45E-01	0,8403541	1,18E-01	-0,25883231	-0,27245506	-1,6237408	1,01E+00	p0	r1	R0	b5	f0  
B5.b6.g1.r1.u3.y1	0,87020629	1,74E-02	0,7132097	1,18E-01	-0,20335512	-0,21405802	-1,4392459	1,27E+00	p0	r1	R0	 b6	f0
B6.b7.g1.r1.u3.y1	0,48799823	2,24E-02	0,6701003	1,05E-01	-0,16696793	-0,17575571	-1,3041393	9,87E-01	p0	r1	R0	b7	f0
f1.g1.r1.u3.y1	2,01473641	2,59E-01	0,8776696	1,39E-01	-0,36929047	-0,38872681	-1,9395076	1,60E+00	p0	r1	R0	b0	f1
B1.b1.f1.g1.r1.u3.y1	2,56276491	8,47E-01	0,9083499	3,77E-01	-0,44151095	-0,46474837	-2,1206949	4,32E+00	p0	r1	R0	b1	f1
B2.b2.f1.g1.r1.u3.y1	4,79692289	1,53E+00	0,6636816	1,02E-01	-0,55816578	-0,58754293	-2,3844546	2,65E+00	p0	r1	R0	b2	f1
B3.b3.f1.g1.r1.u3.y1	1,80796973	3,84E-01	1,0149628	1,43E-01	-0,42645745	-0,44890258	-2,0842284	1,59E+00	 p0	r1	R0	b3	f1
B7.b4.f1.g1.r1.u3.y1	1,14207303	1,23E-01	0,8222321	1,25E-01	-0,27249354	-0,28683531	-1,6660405	1,35E+00	p0	r1	R0	b4	f1
B4.b5.f1.g1.r1.u3.y1	1,54309072	5,32E-01	1,0170483	1,23E-01	-0,40366842	-0,42491413	-2,0277753	1,51E+00	p0	r1	R0	b5	f1
B5.b6.f1.g1.r1.u3.y1	1,03132542	1,42E-01	0,7958752	1,17E-01	-0,25235425	-0,26563605	-1,6032925	1,20E+00	p0	r1	R0	b6	f1
B6.b7.f1.g1.r1.u3.y1	0,61443656	1,23E-01	0,7657177	1,07E-01	-0,2151249	-0,22644726	-1,4803104	1,04E+00	p0	r1	R0	b7	f1
f10.g1.r1.u3.y1	2,408899	5,56E-01	0,9057715	1,26E-01	-0,42376071	-0,4460639	-2,077628	1,73E+00	p0	r1	R0	b0	f10
B1.b1.f10.g1.r1.u3.y1	2,73785896	5,88E-01	0,9109618	3,38E-01	-0,46247213	-0,48681277	-2,1704522	4,09E+00	p0	r1	R0	b1	f10
B2.b2.f10.g1.r1.u3.y1	3,29998888	1,28E+00	1,187249	1,47E-01	-0,68158581	-0,71745874	-2,6349217	1,91E+00	p0	r1	R0	b2	f10
B3.b3.f10.g1.r1.u3.y1	1,72038839	5,90E-01	0,989959	1,19E-01	-0,40522531	-0,42655296	-2,031682	1,84E+00	p0	r1	R0	b3	f10
B7.b4.f10.g1.r1.u3.y1	1,39406474	3,01E-01	0,8646813	1,19E-01	-0,31184671	-0,3282597	-1,7822886	1,43E+00	p0	r1	R0	b4	f10
B4.b5.f10.g1.r1.u3.y1	3,68152826	1,45E+00	0,8289832	9,89E-02	-0,52696975	-0,554705	-2,3168627	2,07E+00	p0	r1	R0	b5	f10
B5.b6.f10.g1.r1.u3.y1	1,3046869	3,28E-01	0,847256	1,12E-01	-0,29629266	-0,31188702	-1,7372723	1,36E+00	p0	r1	R0	b6	f10
B6.b7.f10.g1.r1.u3.y1	0,87321111	2,99E-01	0,8006092	1,01E-01	-0,24544097	-0,25835891	-1,5811788	1,28E+00	p0	r1	R0	b7	f10
f2.g1.r1.u3.y1	1,96318076	1,82E-01	0,8926166	1,50E-01	-0,3733102	-0,39295811	-1,9500349	1,72E+00	p0	r1	R0	b0	f2
B1.b1.f2.g1.r1.u3.y1	3,39037091	8,56E-01	0,9989523	5,20E-01	-0,59834791	-0,6298399	-2,4687911	4,78E+00	p0	r1	R0	b1	f2
B2.b2.f2.g1.r1.u3.y1	3,07554023	3,68E-01	0,6800925	1,20E-01	-0,33940063	-0,35726382	-1,8593612	2,09E+00	p0	r1	R0	b2	f2
B3.b3.f2.g1.r1.u3.y1	0,91215277	5,45E-02	0,7455192	1,16E-01	-0,22093361	-0,2325617	-1,5001626	1,20E+00	p0	r1	R0	b3	f2
B7.b4.f2.g1.r1.u3.y1	0,98385682	3,57E-02	0,7960752	1,28E-01	-0,24964141	-0,26278043	-1,5946514	1,34E+00	p0	r1	R0	b4	f2
B4.b5.f2.g1.r1.u3.y1	0,33171925	1,18E-01	0,7968335	1,07E-01	-0,21521285	-0,22653985	-1,480613	1,05E+00	p0	r1	R0	b5	f2
B5.b6.f2.g1.r1.u3.y1	0,84889869	4,48E-02	0,7636581	1,19E-01	-0,22628392	-0,2381936	-1,5182185	1,17E+00	p0	r1	R0	b6	f2
B6.b7.f2.g1.r1.u3.y1	1,68709202	4,87E-02	1,1124444	2,04E-01	-0,46460817	-0,48906123	-2,1754588	1,82E+00	p0	r1	R0	b7	f2
f3.g1.r1.u3.y1	1,96171643	6,00E-02	0,8548281	1,79E-01	-0,35137883	-0,36987245	-1,8918872	2,43E+00	p0	r1	R0	b0	f3
B1.b1.f3.g1.r1.u3.y1	2,37743074	1,38E+00	0,8847839	4,53E-01	-0,40784867	-0,42931439	-2,0382478	4,71E+00	p0	r1	R0	b1	f3
B2.b2.f3.g1.r1.u3.y1	1,17841442	2,70E-01	0,5164129	1,10E-01	-0,12562364	-0,13223541	-1,1312097	2,36E+00	p0	r1	R0	b2	f3
B3.b3.f3.g1.r1.u3.y1	2,19560464	8,94E-02	0,6827697	1,27E-01	-0,26638182	-0,28040192	-1,6472509	1,96E+00	p0	r1	R0	b3	f3
B7.b4.f3.g1.r1.u3.y1	0,82412849	2,07E-01	0,6804342	1,32E-01	-0,18585831	-0,19564032	-1,3759366	1,89E+00	p0	r1	R0	b4	f3
B4.b5.f3.g1.r1.u3.y1	0,22778871	1,27E-01	0,6118692	1,02E-01	-0,13389569	-0,14094283	-1,1678599	1,14E+00	p0	r1	R0	b5	f3
B5.b6.f3.g1.r1.u3.y1	0,73619506	1,85E-01	0,6501025	1,22E-01	-0,1682977	-0,17715547	-1,3093222	1,76E+00	p0	r1	R0	b6	f3
B6.b7.f3.g1.r1.u3.y1	0,37387838	1,87E-01	0,6218524	1,11E-01	-0,1426709	-0,15017989	-1,205522	1,49E+00	p0	r1	R0	b7	f3
f4.g1.r1.u3.y1	2,06537254	3,32E-01	0,9166118	1,40E-01	-0,39642124	-0,41728552	-2,0094903	1,61E+00	p0	r1	R0	b0	f4
B1.b1.f4.g1.r1.u3.y1	2,56184252	8,38E-01	0,9192114	3,80E-01	-0,44804427	-0,47162555	-2,1363279	4,31E+00	p0	r1	R0	b1	f4
B2.b2.f4.g1.r1.u3.y1	5,89131248	1,22E+01	1,004933	1,10E-01	-0,97575262	-1,02710802	-3,1526613	2,80E+00	p0	r1	R0	b2	f4
B3.b3.f4.g1.r1.u3.y1	1,07185459	1,72E-01	0,8008471	1,15E-01	-0,25728497	-0,27082628	-1,61888	1,24E+00	p0	r1	R0	b3	f4
B7.b4.f4.g1.r1.u3.y1	1,11816894	1,47E-01	0,8387438	1,25E-01	-0,27934231	-0,29404454	-1,6868475	1,37E+00	p0	r1	R0	b4	f4
B4.b5.f4.g1.r1.u3.y1	0,55522502	2,53E-01	0,8628586	1,08E-01	-0,25675734	-0,27027089	-1,6172192	1,34E+00	p0	r1	R0	b5	f4
B5.b6.f4.g1.r1.u3.y1	0,98891025	1,59E-01	0,8122167	1,17E-01	-0,25793082	-0,27150613	-1,6209106	1,21E+00	p0	r1	R0	b6	f4
B6.b7.f4.g1.r1.u3.y1	0,54655392	1,36E-01	0,7907373	1,08E-01	-0,22314157	-0,23488587	-1,5076401	1,08E+00	p0	r1	R0	b7	f4
f5.g1.r1.u3.y1	2,11702475	9,90E-02	0,857912	1,59E-01	-0,36687375	-0,3861829	-1,933151	2,12E+00	p0	r1	R0	b0	f5
B1.b1.f5.g1.r1.u3.y1	2,45309549	1,13E+00	0,8953629	4,18E-01	-0,42199655	-0,4442069	-2,0732988	4,55E+00	p0	r1	R0	b1	f5
B2.b2.f5.g1.r1.u3.y1	1,37807309	9,59E-02	0,5575953	1,06E-01	-0,15190015	-0,15989489	-1,2439031	1,98E+00	p0	r1	R0	b2	f5
B3.b3.f5.g1.r1.u3.y1	3,96002618	9,98E-01	0,7469511	1,15E-01	-0,50197777	-0,52839766	-2,2612558	1,88E+00	p0	r1	R0	b3	f5
B7.b4.f5.g1.r1.u3.y1	0,9378696	6,28E-02	0,7415559	1,30E-01	-0,22038073	-0,23197971	-1,4982844	1,48E+00	p0	r1	R0	b4	f5
B4.b5.f5.g1.r1.u3.y1	2,47179814	4,64E-01	0,908596	1,37E-01	-0,43199769	-0,45473441	-2,0977231	1,30E+00	p0	r1	R0	b5	f5
B5.b6.f5.g1.r1.u3.y1	0,83404351	4,51E-02	0,7098803	1,20E-01	-0,20002345	-0,210551	-1,4274073	1,34E+00	p0	r1	R0	b6	f5
B6.b7.f5.g1.r1.u3.y1	0,45466643	5,29E-02	0,6788042	1,09E-01	-0,16935846	-0,17827207	-1,313442	1,06E+00	p0	r1	R0	b7	f5
f6.g1.r1.u3.y1	1,89126805	4,48E-02	0,8634847	1,61E-01	-0,35036001	-0,36880001	-1,8891425	2,04E+00	p0	r1	R0	b0	f6
B1.b1.f6.g1.r1.u3.y1	2,42415953	1,20E+00	0,9065198	4,34E-01	-0,42578422	-0,44819392	-2,0825826	4,59E+00	p0	r1	R0	b1	f6
B2.b2.f6.g1.r1.u3.y1	0,78801699	2,09E-01	0,5665999	1,09E-01	-0,13401432	-0,14106771	-1,1683771	1,91E+00	p0	r1	R0	b2	f6
B3.b3.f6.g1.r1.u3.y1	0,8327783	5,23E-02	0,7007054	1,19E-01	-0,19567006	-0,20596848	-1,4117885	1,35E+00	p0	r1	R0	b3	f6
B7.b4.f6.g1.r1.u3.y1	0,86083902	7,48E-02	0,7505921	1,31E-01	-0,22066366	-0,23227754	-1,4992459	1,46E+00	p0	r1	R0	b4	f6
B4.b5.f6.g1.r1.u3.y1	0,0956617	2,19E-02	0,6947558	1,03E-01	-0,16211717	-0,17064965	-1,2850557	9,13E-01	p0	r1	R0	b5	f6
B5.b6.f6.g1.r1.u3.y1	0,72616044	6,66E-02	0,7129633	1,21E-01	-0,1963143	-0,20664663	-1,4141107	1,33E+00	p0	r1	R0	b6	f6
B6.b7.f6.g1.r1.u3.y1	0,33429328	7,41E-02	0,6932724	1,12E-01	-0,17068032	-0,17966349	-1,3185578	1,06E+00	p0	r1	R0	b7	f6
f7.g1.r1.u3.y1	1,82987036	2,77E-01	0,7923382	0,1938226	-0,30448157	-0,32050692	-1,761116	2,82E+00	p0	r1	R0	b0	f7
B1.b1.f7.g1.r1.u3.y1	2,30142637	1,67E+00	0,8728591	0,49381875	-0,39311323	-0,4138034	-2,0010884	4,86E+00	p0	r1	R0	b1	f7
B2.b2.f7.g1.r1.u3.y1	0,84718566	4,79E-01	0,4819242	0,11407732	-0,10151833	-0,1068614	-1,0169033	2,64E+00	p0	r1	R0	b2	f7
B3.b3.f7.g1.r1.u3.y1	0,76419604	3,39E-01	0,5699695	0,12117093	-0,1346227	-0,1417081	-1,1710262	2,22E+00	p0	r1	R0	b3	f7
B7.b4.f7.g1.r1.u3.y1	0,74340594	3,76E-01	0,6234535	0,1361726	-0,1568227	-0,16507653	-1,2638977	2,30E+00	p0	r1	R0	b4	f7
B4.b5.f7.g1.r1.u3.y1	0,10378269	2,83E-01	0,5596504	0,10385036	-0,11077489	-0,11660515	-1,0622534	1,58E+00	p0	r1	R0	b5	f7
B5.b6.f7.g1.r1.u3.y1	0,67319914	3,49E-01	0,5935092	0,12554814	-0,14137435	-0,14881511	-1,2000318	2,19E+00	p0	r1	R0	b6	f7
B6.b7.f7.g1.r1.u3.y1	0,32791436	3,46E-01	0,5681744	0,11407745	-0,12015466	-0,12647859	-1,1063123	1,95E+00	p0	r1	R0	b7	f7
f8.g1.r1.u3.y1	2,22801016	3,78E-01	0,6626193	0,1855842	-0,25622778	-0,26971345	-1,6155506	3,37E+00	p0	r1	R0	b0	f8
B1.b1.f8.g1.r1.u3.y1	2,30356087	2,19E+00	0,8497638	0,57248347	-0,37923264	-0,39919225	-1,9654423	5,11E+00	p0	r1	R0	b1	f8
B2.b2.f8.g1.r1.u3.y1	1,38439728	5,19E-01	0,4156908	0,10913633	-0,08926705	-0,09396531	-0,953571	3,10E+00	p0	r1	R0	b2	f8
B3.b3.f8.g1.r1.u3.y1	1,17121798	4,28E-01	0,4115095	0,09828215	-0,08259071	-0,08693759	-0,917219	2,74E+00	p0	r1	R0	b3	f8
B7.b4.f8.g1.r1.u3.y1	1,07060314	4,86E-01	0,4422267	0,10847397	-0,09190429	-0,09674136	-0,9675543	2,81E+00	p0	r1	R0	b4	f8
B4.b5.f8.g1.r1.u3.y1	0,90524624	2,90E-01	0,4557521	0,09478827	-0,09299165	-0,09788595	-0,9732612	2,14E+00	p0	r1	R0	b5	f8
B5.b6.f8.g1.r1.u3.y1	1,12376537	4,34E-01	0,4655037	0,11114528	-0,10249136	-0,10788565	-1,0217651	2,72E+00	p0	r1	R0	b6	f8
B6.b7.f8.g1.r1.u3.y1	1,05542287	3,35E-01	0,4371397	0,09608464	-0,08958439	-0,09429936	-0,9552644	2,40E+00	p0	r1	R0	b7	f8
f9.g1.r1.u3.y1	2,51271042	1,72E-01	0,7747231	0,14412572	-0,35141763	-0,36991329	-1,8919917	2,29E+00	p0	r1	R0	b0	f9
B1.b1.f9.g1.r1.u3.y1	2,53155036	1,21E+00	0,8803529	0,43249194	-0,42089304	-0,44304531	-2,0705862	4,65E+00	p0	r1	R0	b1	f9
B2.b2.f9.g1.r1.u3.y1	1,96155233	1,98E-02	0,8259469	0,16587147	-0,33451702	-0,35212318	-1,8459357	2,37E+00	p0	r1	R0	b2	f9
B3.b3.f9.g1.r1.u3.y1	5,03363539	1,74E+00	0,7332584	0,12224426	-0,68045482	-0,71626823	-2,6327347	2,83E+00	p0	r1	R0	b3	f9
B7.b4.f9.g1.r1.u3.y1	0,93373579	1,47E-01	0,6377201	0,1195337	-0,17099448	-0,17999419	-1,3197707	1,78E+00	p0	r1	R0	b4	f9
B4.b5.f9.g1.r1.u3.y1	0,34593233	6,93E-02	0,6013639	0,09631841	-0,13356704	-0,14059689	-1,1664258	9,95E-01	p0	r1	R0	b5	f9
B5.b6.f9.g1.r1.u3.y1	0,914799	1,17E-01	0,6241452	0,11353767	-0,16398705	-0,17261794	-1,2924454	1,67E+00	p0	r1	R0	b6	f9
B6.b7.f9.g1.r1.u3.y1	0,60766373	1,02E-01	0,5628342	0,09623206	-0,12655877	-0,13321975	-1,1354122	1,34E+00	p0	r1	R0	b7	f9
R2.g1.p1.u3.y1	2,0461152	1,02E-01	0,8575638	0,15624383	-0,36033099	-0,37929578	-1,9158357	2,04E+00	p1	r0	R2	b0	f0
B1.R2.b1.g1.p1.u3.y1	2,50758083	1,06E+00	0,8991416	0,41049166	-0,42999018	-0,45262125	-2,0928433	4,51E+00	p1	r0	R2	b1	f0
B2.R2.b2.g1.p1.u3.y1	1,15557684	1,05E-01	0,5898129	0,10981091	-0,1580625	-0,16638158	-1,2688839	1,85E+00	p1	r0	R2	b2	f0
B3.R2.b3.g1.p1.u3.y1	0,88635441	1,10E-02	0,6952888	0,11440361	-0,19568099	-0,20597999	-1,4118279	1,23E+00	p1	r0	R2	b3	f0
B7.R2.b4.g1.p1.u3.y1	0,95708653	3,48E-02	0,7348096	0,12539171	-0,21812753	-0,22960792	-1,4906054	1,40E+00	p1	r0	R2	b4	f0
B4.R2.b5.g1.p1.u3.y1	0,35474723	5,86E-02	0,7778706	0,11105698	-0,2079835	-0,21893	-1,4555324	1,02E+00	p1	r0	R2	b5	f0
B5.R2.b6.g1.p1.u3.y1	0,86973764	1,76E-02	0,7130973	0,11792422	-0,2032789	-0,21397779	-1,4389762	1,27E+00	p1	r0	R2	b6	f0
B6.R2.b7.g1.p1.u3.y1	0,48273826	2,33E-02	0,6702913	0,10505201	-0,16684042	-0,1756215	-1,3036412	9,86E-01	p1	r0	R2	b7	f0
R2.f1.g1.p1.u3.y1	1,97911709	6,73E-02	0,7786938	0,16339641	-0,30809032	-0,3243056	-1,7715217	2,37E+00	p1	r0	R2	b0	f1
B1.R2.b1.f1.g1.p1.u3.y1	2,44091769	1,27E+00	0,8834108	0,43809479	-0,41342615	-0,43518542	-2,0521373	4,66E+00	p1	r0	R2	b1	f1
B2.R2.b2.f1.g1.p1.u3.y1	6,12354829	6,68E+00	0,6424453	0,06283617	-0,8156192	-0,85854652	-2,8823795	4,41E+00	p1	r0	R2	b2	f1
B3.R2.b3.f1.g1.p1.u3.y1	0,7271767	1,52E-01	0,6439617	0,11753012	-0,16520367	-0,1738986	-1,2972309	1,64E+00	p1	r0	R2	b3	f1
B7.R2.b4.f1.g1.p1.u3.y1	0,87869108	1,72E-01	0,6696767	0,12744296	-0,18335079	-0,19300084	-1,3666234	1,82E+00	p1	r0	R2	b4	f1
B4.R2.b5.f1.g1.p1.u3.y1	1,05680019	9,62E-02	0,8396337	0,12916574	-0,27583022	-0,2903476	-1,6762098	1,23E+00	p1	r0	R2	b5	f1
B5.R2.b6.f1.g1.p1.u3.y1	0,81346236	1,48E-01	0,6490183	0,11960323	-0,17103635	-0,18003826	-1,3199323	1,70E+00	p1	r0	R2	b6	f1
B6.R2.b7.f1.g1.p1.u3.y1	0,46140147	1,46E-01	0,6042658	0,10540214	-0,13852904	-0,14582005	-1,1878945	1,40E+00	p1	r0	R2	b7	f1
R2.f10.g1.p1.u3.y1	2,29195046	4,94E-01	0,8868337	0,12550228	-0,40062669	-0,4217123	-2,020121	1,63E+00	p1	r0	R2	b0	f10
B1.R2.b1.f10.g1.p1.u3.y1	2,73982909	5,83E-01	0,9116686	0,337272	-0,46313638	-0,48751198	-2,1720104	4,09E+00	p1	r0	R2	b1	f10
B2.R2.b2.f10.g1.p1.u3.y1	5,70464896	8,15E+00	0,9164976	0,0982777	-0,93882851	-0,98824054	-3,092435	3,01E+00	p1	r0	R2	b2	f10
B3.R2.b3.f10.g1.p1.u3.y1	1,29133163	3,49E-01	0,8520018	0,11076213	-0,29784141	-0,31351727	-1,7418068	1,48E+00	p1	r0	R2	b3	f10
B7.R2.b4.f10.g1.p1.u3.y1	1,40952984	3,20E-01	0,8681708	0,11784717	-0,3148322	-0,33140232	-1,7907997	1,44E+00	p1	r0	R2	b4	f10
B4.R2.b5.f10.g1.p1.u3.y1	0,73082272	4,14E-01	0,8872128	0,10079579	-0,27859263	-0,2932554	-1,6845824	1,80E+00	p1	r0	R2	b5	f10
B5.R2.b6.f10.g1.p1.u3.y1	1,3267546	3,50E-01	0,8530902	0,11152207	-0,30089789	-0,31673462	-1,7507213	1,39E+00	p1	r0	R2	b6	f10
B6.R2.b7.f10.g1.p1.u3.y1	0,88530441	3,17E-01	0,8074581	0,10042848	-0,24946323	-0,26259288	-1,5940822	1,32E+00	p1	r0	R2	b7	f10
R2.f2.g1.p1.u3.y1	1,86334473	1,41E-01	0,8079868	0,17793311	-0,31610955	-0,3327469	-1,7944289	2,51E+00	p1	r0	R2	b0	f2
B1.R2.b1.f2.g1.p1.u3.y1	2,38982605	1,42E+00	0,8888501	0,46520825	-0,41156867	-0,43323018	-2,0475221	4,74E+00	p1	r0	R2	b1	f2
B2.R2.b2.f2.g1.p1.u3.y1	0,83051074	3,49E-01	0,5045702	0,10873101	-0,10993743	-0,11572361	-1,0582304	2,32E+00	p1	r0	R2	b2	f2
B3.R2.b3.f2.g1.p1.u3.y1	0,78574183	2,07E-01	0,6075702	0,11698607	-0,1515051	-0,15947905	-1,2422845	1,86E+00	p1	r0	R2	b3	f2
B7.R2.b4.f2.g1.p1.u3.y1	0,78537203	2,38E-01	0,6607416	0,13087878	-0,17514421	-0,18436232	-1,335689	1,95E+00	p1	r0	R2	b4	f2
B4.R2.b5.f2.g1.p1.u3.y1	0,11726246	1,62E-01	0,5955513	0,10042294	-0,12430004	-0,13084215	-1,1252346	1,17E+00	p1	r0	R2	b5	f2
B5.R2.b6.f2.g1.p1.u3.y1	0,70386215	2,19E-01	0,6336614	0,12194158	-0,15974293	-0,16815045	-1,275611	1,84E+00	p1	r0	R2	b6	f2
B6.R2.b7.f2.g1.p1.u3.y1	0,34437008	2,16E-01	0,5981264	0,1089279	-0,13224247	-0,1392026	-1,1606277	1,56E+00	p1	r0	R2	b7	f2
R2.f3.g1.p1.u3.y1	1,82797424	4,21E-01	0,7576944	0,20556479	-0,2843729	-0,29933989	-1,7019686	3,18E+00	p1	r0	R2	b0	f3
B1.R2.b1.f3.g1.p1.u3.y1	2,30223038	1,82E+00	0,8635511	0,51442316	-0,38753365	-0,40793015	-1,9868366	4,94E+00	p1	r0	R2	b1	f3
B2.R2.b2.f3.g1.p1.u3.y1	0,91870312	5,67E-01	0,4518729	0,11430727	-0,0918569	-0,09669147	-0,9673048	2,90E+00	p1	r0	R2	b2	f3
B3.R2.b3.f3.g1.p1.u3.y1	0,79637332	4,39E-01	0,5168834	0,11830402	-0,11385766	-0,11985017	-1,0769327	2,50E+00	p1	r0	R2	b3	f3
B7.R2.b4.f3.g1.p1.u3.y1	0,75251415	0,48392224	0,5699	0,13402842	-0,13419737	-0,14126039	-1,1691748	2,5924732	p1	r0	R2	b4	f3
B4.R2.b5.f3.g1.p1.u3.y1	0,19063896	3,71E-01	0,5093816	0,10202736	-0,09524946	-0,10026259	-0,9850056	1,9001641	p1	r0	R2	b5	f3
B5.R2.b6.f3.g1.p1.u3.y1	0,71697663	4,48E-01	0,5531663	0,12620046	-0,12610379	-0,13274083	-1,1333695	2,4739219	p1	r0	R2	b6	f3
B6.R2.b7.f3.g1.p1.u3.y1	0,39841709	4,34E-01	0,5160177	0,11126894	-0,102654	-0,10805684	-1,0225755	2,2161668	p1	r0	R2	b7	f3
R2.f4.g1.p1.u3.y1	2,00597761	2,74E-01	0,9243912	0,14564413	-0,39532478	-0,41613135	-2,0067093	1,615954	p1	r0	R2	b0	f4
B1.R2.b1.f4.g1.p1.u3.y1	2,54197437	8,63E-01	0,9164858	0,38206235	-0,4442422	-0,46762337	-2,1272442	4,3263273	p1	r0	R2	b1	f4
B2.R2.b2.f4.g1.p1.u3.y1	4,26183442	1,13E+00	0,7007644	0,10918008	-0,50627146	-0,53291732	-2,2709061	2,1567158	p1	r0	R2	b2	f4
B3.R2.b3.f4.g1.p1.u3.y1	0,97099567	1,35E-01	0,8077564	0,11817486	-0,25465009	-0,26805273	-1,6105691	1,2140498	p1	r0	R2	b3	f4
B7.R2.b4.f4.g1.p1.u3.y1	1,08250318	1,15E-01	0,8273944	0,12551039	-0,27130978	-0,28558924	-1,6624178	1,347591	p1	r0	R2	b4	f4
B4.R2.b5.f4.g1.p1.u3.y1	0,34364308	1,97E-01	0,8425847	0,10649666	-0,23605167	-0,24847545	-1,55064	1,2930501	p1	r0	R2	b5	f4
B5.R2.b6.f4.g1.p1.u3.y1	0,95908945	1,29E-01	0,8019146	0,11764889	-0,2510643	-0,26427821	-1,5991895	1,1997261	p1	r0	R2	b6	f4
B6.R2.b7.f4.g1.p1.u3.y1	0,53589312	1,10E-01	0,775536	0,10838651	-0,21569362	-0,22704592	-1,4822658	1,0558393	p1	r0	R2	b7	f4
R2.f5.g1.p1.u3.y1	2,02797177	4,86E-02	0,857389	0,16359765	-0,35862934	-0,37750457	-1,9113066	2,1779488	p1	r0	R2	b0	f5
B1.R2.b1.f5.g1.p1.u3.y1	2,43638458	1,16E+00	0,8924842	0,42021517	-0,41851889	-0,4405462	-2,0647381	4,5612982	p1	r0	R2	b1	f5
B2.R2.b2.f5.g1.p1.u3.y1	0,81068996	2,07E-01	0,6065186	0,11723164	-0,15199231	-0,15999191	-1,2442804	1,9259314	p1	r0	R2	b2	f5
B3.R2.b3.f5.g1.p1.u3.y1	0,88348092	6,19E-02	0,6967557	0,12036822	-0,19623431	-0,20656244	-1,4138226	1,4295234	p1	r0	R2	b3	f5
B7.R2.b4.f5.g1.p1.u3.y1	0,91433497	8,92E-02	0,7310127	0,13040476	-0,21406563	-0,22533224	-1,4766614	1,556282	p1	r0	R2	b4	f5
B4.R2.b5.f5.g1.p1.u3.y1	0,23711963	2,21E-02	0,6611906	0,09995118	-0,15376163	-0,16185435	-1,2515017	0,8641206	p1	r0	R2	b5	f5
B5.R2.b6.f5.g1.p1.u3.y1	0,81728909	6,94E-02	0,7014267	0,12085546	-0,19527273	-0,20555024	-1,4103544	1,4158976	p1	r0	R2	b6	f5
B6.R2.b7.f5.g1.p1.u3.y1	0,43477007	7,71E-02	0,6690268	0,10960664	-0,16441315	-0,17306648	-1,2941235	1,1282558	p1	r0	R2	b7	f5
R2.f6.g1.p1.u3.y1	1,88505971	1,30E-02	0,8612027	0,16564588	-0,34852727	-0,36687081	-1,8841949	2,1282961	p1	r0	R2	b0	f6
B1.R2.b1.f6.g1.p1.u3.y1	2,40726795	1,22E+00	0,9037319	0,43611715	-0,42236231	-0,44459191	-2,0741971	4,6010632	p1	r0	R2	b1	f6
B2.R2.b2.f6.g1.p1.u3.y1	0,78268545	2,30E-01	0,5588823	0,10939855	-0,13060003	-0,13747372	-1,1533977	1,9692306	p1	r0	R2	b2	f6
B3.R2.b3.f6.g1.p1.u3.y1	0,81177656	7,64E-02	0,6890669	0,11931747	-0,18928111	-0,19924328	-1,3885486	1,4158405	p1	r0	R2	b3	f6
B7.R2.b4.f6.g1.p1.u3.y1	0,83749479	1,00E-01	0,7404511	0,13193614	-0,21462047	-0,22591628	-1,4785738	1,5232157	p1	r0	R2	b4	f6
B4.R2.b5.f6.g1.p1.u3.y1	0,07717006	4,42E-02	0,6840824	0,10345279	-0,15717647	-0,16544892	-1,2653225	0,9136269	p1	r0	R2	b5	f6
B5.R2.b6.f6.g1.p1.u3.y1	0,71068497	9,00E-02	0,7047869	0,12183329	-0,19185079	-0,2019482	-1,3979423	1,3974041	p1	r0	R2	b6	f6
B6.R2.b7.f6.g1.p1.u3.y1	0,31722683	9,74E-02	0,683646	0,11230853	-0,16597746	-0,17471311	-1,3002654	1,1169151	p1	r0	R2	b7	f6
R2.f7.g1.p1.u3.y1	1,82259471	3,15E-01	0,7908717	0,19898936	-0,3030828	-0,31903452	-1,7570661	2,9185297	p1	r0	R2	b0	f7
B1.R2.b1.f7.g1.p1.u3.y1	2,28889943	1,70E+00	0,8701148	0,49566321	-0,39023915	-0,41077806	-1,9937599	4,8744025	p1	r0	R2	b1	f7
B2.R2.b2.f7.g1.p1.u3.y1	0,85101273	5,02E-01	0,4775482	0,11483138	-0,09993041	-0,10518991	-1,008919	2,7042953	p1	r0	R2	b2	f7
B3.R2.b3.f7.g1.p1.u3.y1	0,6755077	3,98E-01	0,6101395	0,13394277	-0,14850395	-0,15631995	-1,2299188	2,3252992	p1	r0	R2	b3	f7
B7.R2.b4.f7.g1.p1.u3.y1	0,73334064	4,04E-01	0,6158205	0,13693351	-0,15310905	-0,16116743	-1,2488431	2,3655659	p1	r0	R2	b4	f7
B4.R2.b5.f7.g1.p1.u3.y1	0,09833313	3,06E-01	0,5526039	0,1043451	-0,10811525	-0,11380552	-1,0494238	1,6539157	p1	r0	R2	b5	f7
B5.R2.b6.f7.g1.p1.u3.y1	0,66930054	3,74E-01	5,89E-01	0,12673656	-0,13919993	-0,14652625	-1,1907675	2,2560305	p1	r0	R2	b6	f7
B6.R2.b7.f7.g1.p1.u3.y1	0,32226527	3,70E-01	5,62E-01	0,11471287	-0,11747799	-0,12366104	-1,0939203	2,0108906	p1	r0	R2	b7	f7
R2.f8.g1.p1.u3.y1	2,22759462	3,78E-01	6,62E-01	0,18555655	-0,2561089	-0,26958832	-1,6151757	3,3716807	p1	r0	R2	b0	f8
B1.R2.b1.f8.g1.p1.u3.y1	2,30325628	2,19E+00	8,50E-01	0,57231981	-0,37909146	-0,39904364	-1,9650764	5,1131656	p1	r0	R2	b1	f8
B2.R2.b2.f8.g1.p1.u3.y1	1,38478627	5,19E-01	4,16E-01	0,10913619	-0,08928523	-0,09398446	-0,9536681	3,0971952	p1	r0	R2	b2	f8
B3.R2.b3.f8.g1.p1.u3.y1	1,17160198	4,28E-01	4,12E-01	0,09827867	-0,08260277	-0,08695028	-0,917286	2,7361213	p1	r0	R2	b3	f8
B7.R2.b4.f8.g1.p1.u3.y1	1,07193604	4,86E-01	4,42E-01	0,10851083	-0,09202503	-0,09686845	-0,9681896	2,8120429	p1	r0	R2	b4	f8
B4.R2.b5.f8.g1.p1.u3.y1	0,90569869	2,90E-01	4,56E-01	0,09478697	-0,09300732	-0,09790244	-0,9733432	2,1404239	p1	r0	R2	b5	f8
B5.R2.b6.f8.g1.p1.u3.y1	1,12416303	4,33E-01	4,65E-01	0,111128	-0,10248514	-0,10787909	-1,0217341	2,717935	p1	r0	R2	b6	f8
B6.R2.b7.f8.g1.p1.u3.y1	1,05593076	3,35E-01	4,37E-01	0,09609399	-0,08961792	-0,09433465	-0,9554432	2,3956668	p1	r0	R2	b7	f8
R2.f9.g1.p1.u3.y1	2,3164131	3,14E-02	8,42E-01	0,17244396	-0,37542123	-0,39518024	-1,9555407	2,4994367	p1	r0	R2	b0	f9
B1.R2.b1.f9.g1.p1.u3.y1	2,53123883	1,21E+00	8,80E-01	0,43242528	-0,42079523	-0,44294235	-2,0703456	4,6476131	p1	r0	R2	b1	f9
B2.R2.b2.f9.g1.p1.u3.y1	1,16341181	2,30E-01	5,80E-01	0,12031769	-0,15389163	-0,16199118	-1,2520306	2,241427	p1	r0	R2	b2	f9
B3.R2.b3.f9.g1.p1.u3.y1	1,28003805	6,22E-02	5,68E-01	0,1035153	-0,15287105	-0,16091689	-1,2478721	1,7452081	p1	r0	R2	b3	f9
B7.R2.b4.f9.g1.p1.u3.y1	0,95214573	1,43E-01	6,31E-01	0,11821809	-0,16888455	-0,17777321	-1,311603	1,7742884	p1	r0	R2	b4	f9
B4.R2.b5.f9.g1.p1.u3.y1	0,34597859	6,44E-02	5,97E-01	0,09517251	-0,13187284	-0,13881352	-1,1590045	0,9890382	p1	r0	R2	b5	f9
B5.R2.b6.f9.g1.p1.u3.y1	0,91482786	1,17E-01	6,24E-01	0,11349849	-0,16388086	-0,17250617	-1,2920269	1,6679269	p1	r0	R2	b6	f9
B6.R2.b7.f9.g1.p1.u3.y1	0,60768007	1,02E-01	5,63E-01	0,09619447	-0,12643547	-0,13308997	-1,134859	1,33718	p1	r0	R2	b7	f9

