	Intercept	Slope	ICerror	SLerror	r.squared	adj.r.squared	RMSD	MAD	c	b	f
c1.g1.r1.u3.y1	2,502753	8,68E-01	0,7921632	0,09249429	-0,3618357	-0,3808796	-1,919832	1,72803	c1	b0	f0
c2.g1.r1.u3.y1	2,48979	8,28E-01	0,8357628	0,10002854	-0,3885729	-0,4090242	-1,989499	1,697035	c2	b0	f0
c3.g1.r1.u3.y1	3,132105	1,36E+00	0,9740261	0,10716828	-0,5491462	-0,5780486	-2,36511	2,253847	c3	b0	f0
B1.b1.c1.g1.r1.u3.y1	3,136463	1,15E-01	0,9046243	2,08E-01	-0,5062185	-0,5328615	-2,270787	2,81E+00	c1	b1	f0
B1.b1.c2.g1.r1.u3.y1	3,227172	1,07E-01	0,9194365	2,19E-01	-0,5274926	-0,5552554	-2,318012	2,93E+00	c2	b1	f0
B1.b1.c3.g1.r1.u3.y1	3,278544	1,76E-01	0,9387807	2,14E-01	-0,5466213	-0,5753909	-2,359667	2,78E+00	c3	b1	f0
B2.b2.c1.g1.r1.u3.y1	4,055019	3,04E+00	1,0528226	9,21E-02	-0,7243544	-0,7624783	-2,716333	3,43E+00	c1	b2	f0
B2.b2.c2.g1.r1.u3.y1	3,63899	2,12E+00	0,9788225	9,44E-02	-0,6216136	-0,6543301	-2,516331	3,05E+00	c2	b2	f0
B2.b2.c3.g1.r1.u3.y1	3,514657	2,25E+00	1,0999413	1,01E-01	-0,6696793	-0,7049256	-2,611806	3,13E+00	c3	b2	f0
B4.b5.c1.g1.r1.u3.y1	1,388036	1,28E+00	0,7974183	6,20E-02	-0,2756906	-0,2902007	-1,675786	5,03E+00	c1	b5	f0
B4.b5.c2.g1.r1.u3.y1	1,563967	1,26E+00	0,8540627	6,93E-02	-0,3187994	-0,3355783	-1,802047	4,55E+00	c2	b5	f0
B4.b5.c3.g1.r1.u3.y1	1,723196	1,41E+00	0,9021295	7,10E-02	-0,3579131	-0,3767506	-1,909397	4,87E+00	c3	b5	f0
B6.b7.c1.g1.r1.u3.y1	1,668403	1,23E+00	0,8039692	6,73E-02	-0,2989574	-0,314692	-1,745067	4,12E+00	c1	b7	f0
B6.b7.c2.g1.r1.u3.y1	1,845708	1,21E+00	0,8560894	7,48E-02	-0,3423103	-0,3603266	-1,867314	3,70E+00	c2	b7	f0
B6.b7.c3.g1.r1.u3.y1	1,979906	1,37E+00	0,9199735	7,74E-02	-0,3904148	-0,410963	-1,994209	4,12E+00	c3	b7	 f0
c1.f12.g1.r1.u3.y1	6,484199	6,75E+01	0,6881167	1,58E-02	-0,9568727	-1,0072344	-3,122012	2,51E+01	c1	b0	f12
c2.f12.g1.r1.u3.y1	6,475712	7,76E+01	0,6943282	1,67E-02	-0,970459	-1,0215358	-3,144098	2,50E+01	c2	b0	f12
c3.f12.g1.r1.u3.y1	6,552048	3,18E+01	0,7108794	3,96E-02	-0,9658359	-1,0166694	-3,1366	1,16E+01	c3	b0	f12
B1.b1.c1.f12.g1.r1.u3.y1	3,169699	1,15E-01	0,8741929	2,02E-01	-0,4902371	-0,5160391	-2,234655	2,80E+00	c1	b1	f12 
B1.b1.c2.f12.g1.r1.u3.y1	3,238495	9,79E-02	0,8883027	2,13E-01	-0,5085054	-0,5352688	-2,275911	2,93E+00	c2	b1	f12
B1.b1.c3.f12.g1.r1.u3.y1	3,314377	1,87E-01	0,9080157	2,06E-01	-0,5315573	-0,559534	-2,326925	2,74E+00	c3	b1	f12
B2.b2.c1.f12.g1.r1.u3.y1	5,576177	6,91E+00	0,6189075	3,98E-02	-0,6529386	-0,6873038	-2,578954	5,51E+00	c1	b2	f12
B2.b2.c2.f12.g1.r1.u3.y1	4,902753	3,13E+00	0,6519457	6,32E-02	-0,5639295	-0,59361	-2,396734	3,65E+00	c2	b2	f12
B2.b2.c3.f12.g1.r1.u3.y1	6,560931	4,24E+01	0,8421944	6,93E-02	-0,9936391	-1,0459359	-3,181426	5,34E+00	c3	b2	f12
B4.b5.c1.f12.g1.r1.u3.y1	4,955524	6,90E+00	0,8452351	5,17E-02	-0,7602501	-0,8002633	-2,782824	8,47E+00	c1	b5	f12
B4.b5.c2.f12.g1.r1.u3.y1	5,219191	8,96E+00	0,8837224	5,23E-02	-0,8374789	-0,8815568	-2,92075	8,66E+00	c2	b5	f12
B4.b5.c3.f12.g1.r1.u3.y1	6,108114	5,06E+01	0,8651433	3,52E-02	-0,9843061	-1,0361116	-3,166449	9,98E+00	c3	b5	f12
B6.b7.c1.f12.g1.r1.u3.y1	1,624657	1,08E+00	0,7336071	6,49E-02	-0,2567374	-0,2702499	-1,617156	3,55E+00	c1	b7	f12
B6.b7.c2.f12.g1.r1.u3.y1	1,776375	1,05E+00	0,7871941	7,27E-02	-0,2974936	-0,3131512	-1,74079	3,17E+00	c2	b7	f12
B6.b7.c3.f12.g1.r1.u3.y1	1,892618	1,19E+00	0,8442226	7,50E-02	-0,3394036	-0,357267	-1,859369	3,56E+00	c3	b7	f12
c1.f6.g1.r1.u3.y1	2,539483	9,44E-01	0,8989423	1,03E-01	-0,433241	-0,4560432	-2,10074	1,81E+00	c1	b0	f6
c2.f6.g1.r1.u3.y1	2,691427	9,59E-01	0,9242919	1,09E-01	-0,4654714	-0,4899699	-2,177479	1,83E+00	c2	b0	f6
c3.f6.g1.r1.u3.y1	2,882155	1,14E+00	0,9591147	1,09E-01	-0,5089532	-0,5357402	-2,276913	2,05E+00	c3	b0	f6
B1.b1.c1.f6.g1.r1.u3.y1	3,051074	4,11E-02	0,9144429	2,21E-01	-0,5018543	-0,5282677	-2,260978	2,91E+00	c1	b1	f6
B1.b1.c2.f6.g1.r1.u3.y1	3,141591	3,17E-02	0,9301945	2,33E-01	-0,5233048	-0,5508471	-2,308792	3,04E+00	c2	b1	f6
B1.b1.c3.f6.g1.r1.u3.y1	3,206391	9,72E-02	0,9509051	2,29E-01	-0,5446863	-0,573354	-2,355487	2,90E+00	c3	b1	f6
B2.b2.c1.f6.g1.r1.u3.y1	2,063366	9,05E-01	0,7425903	7,75E-02	-0,2930506	-0,3084743	-1,727741	2,07E+00	c1	b2	f6
B2.b2.c2.f6.g1.r1.u3.y1	2,221249	8,94E-01	0,7888599	8,58E-02	-0,3342208	-0,3518113	-1,845118	1,85E+00	c2	b2	f6
B2.b2.c3.f6.g1.r1.u3.y1	2,281385	9,80E-01	0,8333864	8,82E-02	-0,3670882	-0,3864087	-1,933716	2,06E+00	c3	b2	f6
B4.b5.c1.f6.g1.r1.u3.y1	1,35005	1,19E+00	0,8287282	6,70E-02	-0,2896997	-0,304947	-1,717835	4,63E+00	c1	b5	f6
B4.b5.c2.f6.g1.r1.u3.y1	1,53333	1,17E+00	0,8856014	7,47E-02	-0,3335453	-0,3511004	-1,843253	4,17E+00	c2	b5	f6
B4.b5.c3.f6.g1.r1.u3.y1	1,701559	1,33E+00	0,9480244	7,71E-02	-0,3811236	-0,4011827	-1,970336	4,56E+00	c3	b5	f6
B6.b7.c1.f6.g1.r1.u3.y1	1,581998	1,13E+00	0,8327482	7,20E-02	-0,3084931	-0,3247296	-1,772679	3,84E+00	c1	b7	f6
B6.b7.c2.f6.g1.r1.u3.y1	1,767931	1,12E+00	0,8856496	7,99E-02	-0,3525112	-0,3710645	-1,894933	3,45E+00	c2	b7	f6
B6.b7.c3.f6.g1.r1.u3.y1	1,940488	1,28E+00	0,9433292	8,23E-02	-0,3999174	-0,4209657	-2,018332	3,80E+00	c3	b7	f6
c1.f7.g1.r1.u3.y1	2,46248	4,63E-01	0,8442768	1,26E-01	-0,3912474	-0,4118394	-1,996334	1,70E+00	c1	b0	f7
c2.f7.g1.r1.u3.y1	2,609026	4,69E-01	0,8725413	1,34E-01	-0,4241605	-0,4464847	-2,078608	1,82E+00	c2	b0	f7
c3.f7.g1.r1.u3.y1	2,767643	5,91E-01	0,9059585	1,34E-01	-0,4627264	-0,4870804	-2,171049	1,87E+00	c3	b0	f7
B1.b1.c1.f7.g1.r1.u3.y1	3,088524	1,29E-01	0,8936224	2,55E-01	-0,4930085	-0,5189563	-2,240963	3,47E+00	c1	b1	f7
B1.b1.c2.f7.g1.r1.u3.y1	3,182415	1,37E-01	0,9094887	2,69E-01	-0,5152483	-0,5423666	-2,290951	3,57E+00	c2	b1	f7
B1.b1.c3.f7.g1.r1.u3.y1	3,21686	7,69E-02	0,9285405	2,63E-01	-0,5319863	-0,5599856	-2,327864	3,44E+00	c3	b1	f7
B2.b2.c1.f7.g1.r1.u3.y1	2,253047	6,15E-01	0,7193227	9,15E-02	-0,2935079	-0,3089557	-1,729089	1,31E+00	c1	b2	f7
B2.b2.c2.f7.g1.r1.u3.y1	2,402688	6,05E-01	0,7632452	1,01E-01	-0,3339626	-0,3515396	-1,844405	1,41E+00	c2	b2	f7
B2.b2.c3.f7.g1.r1.u3.y1	2,436616	6,70E-01	0,7988345	1,03E-01	-0,3598868	-0,3788282	-1,914654	1,50E+00	c3	b2	f7
B4.b5.c1.f7.g1.r1.u3.y1	1,53369	8,22E-01	0,7813704	7,79E-02	-0,2768993	-0,2914729	-1,679455	2,53E+00	c1	b5	f7
B4.b5.c2.f7.g1.r1.u3.y1	1,704854	8,09E-01	0,8362288	8,70E-02	-0,3197694	-0,3365994	-1,804787	2,21E+00	c2	b5	f7
B4.b5.c3.f7.g1.r1.u3.y1	1,821924	9,24E-01	0,8872735	8,90E-02	-0,3579741	-0,3768148	-1,90956	2,54E+00	c3	b5	f7
B6.b7.c1.f7.g1.r1.u3.y1	1,72059	7,66E-01	0,784544	8,34E-02	-0,2918726	-0,3072343	-1,724265	2,02E+00	c1	b7	f7
B6.b7.c2.f7.g1.r1.u3.y1	1,895548	7,56E-01	0,8366021	9,28E-02	-0,3352488	-0,3528934	-1,847954	1,82E+00	c2	  b7	f7
B6.b7.c3.f7.g1.r1.u3.y1	2,015278	8,66E-01	0,8845671	9,49E-02	-0,3733383	-0,3929876	-1,950108	2,06E+00	c3	b7	f7
c1.f8.g1.r1.u3.y1	2,5647	2,78E-01	0,7239897	1,24E-01	-0,3226073	-0,3395866	-1,812778	2,14E+00	c1	b0	f8
c2.f8.g1.r1.u3.y1	2,679865	2,71E-01	0,753617	1,33E-01	-0,3532018	-0,3717914	-1,896788	2,30E+00	c2	b0	f8
c3.f8.g1.r1.u3.y1	2,805064	3,67E-01	0,7841652	1,33E-01	-0,3865877	-0,4069344	-1,98441	2,24E+00	c3	b0	f8
B1.b1.c1.f8.g1.r1.u3.y1	3,163531	3,15E-01	0,8802008	2,98E-01	-0,4934993	-0,5194729	-2,242078	3,94E+00	c1	b1	f8
B1.b1.c2.f8.g1.r1.u3.y1	3,257497	3,25E-01	0,8962445	3,14E-01	-0,5162705	-0,5434426	-2,293222	4,03E+00	c2	b1	f8
B1.b1.c3.f8.g1.r1.u3.y1	3,287044	2,45E-01	0,9131112	3,04E-01	-0,5312638	-0,5592251	-2,326283	3,90E+00	c3	b1	f8
B2.b2.c1.f8.g1.r1.u3.y1	2,508863	0,52841685	0,6393136	8,94E-02	-0,2617457	-0,2755218	-1,632854	1,48E+00	c1	b2	f8
B2.b2.c2.f8.g1.r1.u3.y1	2,617912	0,50013344	0,6815126	9,98E-02	-0,2986109	-0,3143273	-1,744055	1,64E+00	c2 	b2	f8
B2.b2.c3.f8.g1.r1.u3.y1	2,663207	0,57327156	0,7137713	1,01E-01	-0,3245139	-0,3415936	-1,818127	1,62E+00	c3	b2	f8
B4.b5.c1.f8.g1.r1.u3.y1	1,940618	0,7421252	0,6635926	7,35E-02	-0,2374708	-0,2499692	-1,555294	1,76E+00	c1	b5	f8
B4.b5.c2.f8.g1.r1.u3.y1	2,048552	0,70361208	0,7114215	8,26E-02	-0,2731628	-0,2875398	-1,668085	1,57E+00	c2	b5	f8
B4.b5.c3.f8.g1.r1.u3.y1	2,14588	0,81430925	0,7548886	8,42E-02	-0,3070177	-0,3231766	-1,768435	1,78E+00	c3	b5	f8
B6.b7.c1.f8.g1.r1.u3.y1	2,039846	0,68973125	0,6537004	7,59E-02	-0,2380591	-0,2505885	-1,55722	1,56E+00	c1	b7	f8
B6.b7.c2.f8.g1.r1.u3.y1	2,152414	0,65437114	0,7014131	8,53E-02	-0,2746983	-0,2891561	-1,672767	1,44E+00	c2	b7	f8
B6.b7.c3.f8.g1.r1.u3.y1	2,243098	0,75566611	0,7444554	8,73E-02	-0,3084476	-0,3246816	-1,772548	1,62E+00	c3	b7	f8
c1.f9.g1.r1.u3.y1	2,822365	0,93301851	0,8072001	9,77E-02	-0,4041398	-0,4254103	-2,028959	1,82E+00	c1	b0	f9
c2.f9.g1.r1.u3.y1	2,923034	0,92579808	0,8300194	1,04E-01	-0,4307509	-0,453422	-2,094694	1,79E+00	c2	b0	f9
c3.f9.g1.r1.u3.y1	3,083286	1,11857781	0,8912453	1,06E-01	-0,4907969	-0,5166283	-2,235931	1,94E+00	c3	b0	f9
B1.b1.c1.f9.g1.r1.u3.y1	3,230593	0,06089694	0,8905894	2,20E-01	-0,5090107	-0,5358007	-2,277041	3,07E+00	c1	b1	f9
B1.b1.c2.f9.g1.r1.u3.y1	3,321048	0,05352103	0,9046505	2,31E-01	-0,5302279	-0,5581347	-2,324014	3,18E+00	c2	b1	f9
B1.b1.c3.f9.g1.r1.u3.y1	3,354248	0,11737685	0,9224128	2,25E-01	-0,5463095	-0,5750626	-2,358994	3,02E+00	c3	b1	f9
B2.b2.c1.f9.g1.r1.u3.y1	2,532773	1,18395075	0,8782791	8,93E-02	-0,4197283	-0,4418192	-2,067719	2,40E+00	c1	b2	f9
B2.b2.c2.f9.g1.r1.u3.y1	3,182551	1,51283462	0,9679768	1,01E-01	-0,5520418	-0,5810967	-2,371338	2,40E+00	c2	b2	f9
B2.b2.c3.f9.g1.r1.u3.y1	3,361382	1,62461554	1,0393141	0,11099175	-0,6172067	-0,6496913	-2,507395	2,51E+00	c3	b2	f9
B4.b5.c1.f9.g1.r1.u3.y1	1,617649	1,14463774	0,7668496	0,06582827	-0,2746749	-0,2891315	-1,672696	3,85E+00	c1	b5	f9
B4.b5.c2.f9.g1.r1.u3.y1	1,826514	1,12325078	0,8338413	0,07549391	-0,3280383	-0,3453035	-1,827973	3,34E+00	c2	b5	f9
B4.b5.c3.f9.g1.r1.u3.y1	1,925017	1,27798471	0,8678018	0,07483259	-0,3557217	-0,3744439	-1,903543	3,84E+00	c3	b5	f9
B6.b7.c1.f9.g1.r1.u3.y1	1,787913	1,08519405	0,7430627	0,06743917	-0,273111	-0,2874852	-1,667927	3,27E+00	c1	b7	f9
B6.b7.c2.f9.g1.r1.u3.y1	1,941011	1,06255337	0,7926207	0,07512954	-0,3132961	-0,3297854	-1,786426	2,91E+00	c2	b7	f9
B6.b7.c3.f9.g1.r1.u3.y1	2,061839	1,2031312	0,8439003	0,07702609	-0,3536522	-0,3722654	-1,897997	3,27E+00	c3	b7	f9

