	Intercept	Slope	ICerror	SLerror	r.squared	adj.r.squared	RMSD	MAD	r	y	b	f
g1.u3	2,1688976	1,22E-01	0,8232764	0,1503350213	-0,35071687	-0,36917565	-1,8901043	2,0838458	r0	y0	b0	f0
B1.b1.g1.u3	2,50789898	1,06E+00	0,899236	0,4105498223	-0,43008153	-0,4527174	-2,0930656	4,5079068	r0	y0	b1	f0
B2.b2.g1.u3	0,92161955	1,61E-01	0,6179919	0,116846712	-0,16147348	-0,16997209	-1,282502	1,8635295	r0	y0	b2	f0
B4.b5.g1.u3	0,37518224	8,19E-03	0,5141593	0,0764364116	-0,10139245	-0,10672889	-1,0162727	0,8001256	r0	y0	b5	f0
B6.b7.g1.u3	0,48444249	2,31E-02	0,6704174	0,105079887	-0,16696212	-0,1757496	-1,3041166	0,986541	r0	y0	b7	f0
f12.g1.u3	6,33467239	1,86E+04	0,7097092	0,0001351675	-0,99170907	-1,04390428	-3,1783344	1181,9080055	r0	y0	b0	f12
B1.b1.f12.g1.u3	2,74557688	9,55E-01	0,8759779	3,98E-01	-0,44119629	-0,46441715	-2,119939	4,53E+00	r0	y0	b1	f12
B2.b2.f12.g1.u3	2,69438191	1,86E-01	0,5992045	1,11E-01	-0,2486226	-0,261708	-1,5913941	2,13E+00	r0	y0	b2	f12
B4.b5.f12.g1.u3	6,26875138	6,09E+01	0,7776174	4,50E-02	-0,99325755	-1,04553426	-3,1808148	5,39E+00	r0	y0	b5	f12
B6.b7.f12.g1.u3	0,65800109	6,56E-02	0,6063966	1,01E-01	-0,14627425	-0,15397289	-1,2206506	1,22E+00	r0	y0	b7	f12
f6.g1.u3	1,88948141	4,36E-02	0,8631038	1,61E-01	-0,34999031	-0,36841085	-1,8881455	2,04E+00	r0	y0	b0	f6
B1.b1.f6.g1.u3	2,4244024	1,20E+00	0,9064078	4,34E-01	-0,42574162	-0,44814907	-2,0824784	4,59E+00	r0	y0	b1	f6
B2.b2.f6.g1.u3	0,78815329	2,10E-01	0,5672354	1,09E-01	-0,13428665	-0,14135437	-1,1695637	1,91E+00	r0	y0	b2	f6
B4.b5.f6.g1.u3	0,09582517	2,24E-02	0,6956173	1,03E-01	-0,16246935	-0,17102037	-1,2864508	9,15E-01	r0	y0	b5	f6
B6.b7.f6.g1.u3	0,33542702	7,46E-02	0,6940852	1,12E-01	-0,17106759	-0,18007115	-1,3200529	1,06E+00	r0	y0	b7	f6
f7.g1.u3	1,83010846	2,77E-01	0,7924539	1,94E-01	-0,30456643	-0,32059624	-1,7613614	2,82E+00	r0	y0	b0	f7
B1.b1.f7.g1.u3	2,30295882	1,67E+00	0,8735889	4,94E-01	-0,39370429	-0,41442557	-2,0025922	4,86E+00	r0	y0	b1	f7
B2.b2.f7.g1.u3	0,84738483	4,80E-01	0,482053	1,14E-01	-0,10157346	-0,10691944	-1,0171795	2,65E+00	r0	y0	b2	f7
B4.b5.f7.g1.u3	0,1058618	2,83E-01	0,5594979	1,04E-01	-0,11077513	-0,1166054	-1,0622545	1,58E+00	r0	y0	b5	f7
B6.b7.f7.g1.u3	0,32945531	3,46E-01	0,568683	1,14E-01	-0,12039323	-0,12672972	-1,1074101	1,95E+00	r0	y0	b7	f7
f8.g1.u3	2,22801847	3,78E-01	0,6626201	1,86E-01	-0,25622882	-0,26971455	-1,6155538	3,37E+00	r0	y0	b0	f8
B1.b1.f8.g1.u3	2,30355727	2,19E+00	0,8497636	5,72E-01	-0,37923218	-0,39919177	-1,9654411	5,11E+00	r0	y0	b1	f8
B2.b2.f8.g1.u3	1,38439524	5,19E-01	0,4156914	1,09E-01	-0,08926723	-0,0939655	-0,953572	3,10E+00	r0	y0	b2	f8
B4.b5.f8.g1.u3	0,90524883	2,90E-01	0,4557544	9,48E-02	-0,09299259	-0,09788693	-0,9732661	2,14E+00	r0	y0	b5	f8
B6.b7.f8.g1.u3	1,05542765	3,35E-01	0,4371394	9,61E-02	-0,08958436	-0,09429933	-0,9552643	2,40E+00	r0	y0	b7	f8
f9.g1.u3	2,09457315	1,42E-02	0,813423	1,62E-01	-0,33830265	-0,35610805	-1,8563512	2,34E+00	r0	y0	b0	f9
B1.b1.f9.g1.u3	2,53177989	1,21E+00	0,8804381	4,33E-01	-0,42097008	-0,4431264	-2,0707757	4,65E+00	r0	y0	b1	f9
B2.b2.f9.g1.u3	1,03094314	1,95E-01	0,6783372	1,35E-01	-0,19456257	-0,20480271	-1,4077875	2,19E+00	r0	y0	b2	f9
B4.b5.f9.g1.u3	3,33569068	1,17E+00	1,2065452	1,59E-01	-0,69437779	-0,73092398	-2,6595328	1,85E+00	r0	y0	b5	f9 
B6.b7.f9.g1.u3	0,60839882	1,02E-01	0,5627317	9,62E-02	-0,1265407	-0,13320074	-1,1353312	1,34E+00	r0	y0	b7	f9
g1.r1.u3.y1	2,28569726	1,67E-01	0,8761624	1,58E-01	-0,39358888	-0,41430408	-2,0022987	2,12E+00	r1	y1	b0	f0
B1.b1.g1.r1.u3.y1	2,50778914	1,06E+00	0,8991782	4,11E-01	-0,43003452	-0,45266791	-2,0929512	4,51E+00	r1	y1	b1	f0
B2.b2.g1.r1.u3.y1	0,9841256	1,12E-01	0,5868865	1,07E-01	-0,14991744	-0,15780783	-1,2357583	1,71E+00	r1	y1	b2	f0
B4.b5.g1.r1.u3.y1	0,77406877	1,45E-01	0,8403541	1,18E-01	-0,25883231	-0,27245506	-1,6237408	1,01E+00	r1	 y1	b5	f0
B6.b7.g1.r1.u3.y1	0,48799823	2,24E-02	0,6701003	1,05E-01	-0,16696793	-0,17575571	-1,3041393	9,87E-01	r1	y1	b7	f0
f12.g1.r1.u3.y1	6,34376022	1,27E+02	0,7628049	4,78E-02	-0,99860367	-1,05116176	-3,1893635	9,29E+00	r1	y1	b0	f12
B1.b1.f12.g1.r1.u3.y1	2,73701291	9,56E-01	0,8752216	3,98E-01	-0,43976089	-0,4629062	-2,1164877	4,52E+00	r1	y1	b1	f12
B2.b2.f12.g1.r1.u3.y1	6,57041912	9,81E+01	0,708178	1,13E-02	-0,95781485	-1,00822616	-3,1235483	1,65E+01	r1	y1	b2	f12
B4.b5.f12.g1.r1.u3.y1	6,42993004	3,30E+02	0,7570699	2,57E-02	-0,99926004	-1,05185267	-3,1904115	8,19E+00	r1	y1	b5	f12
B6.b7.f12.g1.r1.u3.y1	0,64964761	6,64E-02	0,6055211	1,01E-01	-0,14560238	-0,15326566	-1,2178441	1,21E+00	r1	y1  	b7	f12
f6.g1.r1.u3.y1	1,89126805	4,48E-02	0,8634847	1,61E-01	-0,35036001	-0,36880001	-1,8891425	2,04E+00	r1	y1	b0	f6
B1.b1.f6.g1.r1.u3.y1	2,42415953	1,20E+00	0,9065198	4,34E-01	-0,42578422	-0,44819392	-2,0825826	4,59E+00	r1	y1	b1	f6
B2.b2.f6.g1.r1.u3.y1	0,78801699	2,09E-01	0,5665999	1,09E-01	-0,13401432	-0,14106771	-1,1683771	1,91E+00	r1	y1	b2	f6
B4.b5.f6.g1.r1.u3.y1	0,0956617	2,19E-02	0,6947558	1,03E-01	-0,16211717	-0,17064965	-1,2850557	9,13E-01	r1	y1	b5	f6
B6.b7.f6.g1.r1.u3.y1	0,33429328	7,41E-02	0,6932724	1,12E-01	-0,17068032	-0,17966349	-1,3185578	1,06E+00	r1	y1	b7	f6
f7.g1.r1.u3.y1	1,82987036	2,77E-01	0,7923382	1,94E-01	-0,30448157	-0,32050692	-1,761116	2,82E+00	r1	y1	b0	f7
B1.b1.f7.g1.r1.u3.y1	2,30142637	1,67E+00	0,8728591	4,94E-01	-0,39311323	-0,4138034	-2,0010884	4,86E+00	r1	y1	b1	f7
B2.b2.f7.g1.r1.u3.y1	0,84718566	4,79E-01	0,4819242	1,14E-01	-0,10151833	-0,1068614	-1,0169033	2,64E+00	r1	y1	b2	f7
B4.b5.f7.g1.r1.u3.y1	0,10378269	2,83E-01	0,5596504	1,04E-01	-0,11077489	-0,11660515	-1,0622534	1,58E+00	r1	y1	b5	f7
B6.b7.f7.g1.r1.u3.y1	0,32791436	3,46E-01	0,5681744	1,14E-01	-0,12015466	-0,12647859	-1,1063123	1,95E+00	r1	y1	b7	f7
f8.g1.r1.u3.y1	2,22801016	3,78E-01	0,6626193	1,86E-01	-0,25622778	-0,26971345	-1,6155506	3,37E+00	r1	y1	b0	f8
B1.b1.f8.g1.r1.u3.y1	2,30356087	2,19E+00	0,8497638	5,72E-01	-0,37923264	-0,39919225	-1,9654423	5,11E+00	r1	y1	b1	f8
B2.b2.f8.g1.r1.u3.y1	1,38439728	5,19E-01	0,4156908	1,09E-01	-0,08926705	-0,09396531	-0,953571	3,10E+00	r1	y1	b2	f8
B4.b5.f8.g1.r1.u3.y1	0,90524624	2,90E-01	0,4557521	9,48E-02	-0,09299165	-0,09788595	-0,9732612	2,14E+00	r1	y1	b5	f8
B6.b7.f8.g1.r1.u3.y1	1,05542287	3,35E-01	0,4371397	9,61E-02	-0,08958439	-0,09429936	-0,9552644	2,40E+00	r1	y1	b7	f8
f9.g1.r1.u3.y1	2,51271042	1,72E-01	0,7747231	1,44E-01	-0,35141763	-0,36991329	-1,8919917	2,29E+00	r1	y1	b0	f9
B1.b1.f9.g1.r1.u3.y1	2,53155036	1,21E+00	0,8803529	4,32E-01	-0,42089304	-0,44304531	-2,0705862	4,65E+00	r1	y1	b1	f9
B2.b2.f9.g1.r1.u3.y1	1,96155233	1,98E-02	0,8259469	1,66E-01	-0,33451702	-0,35212318	-1,8459357	2,37E+00	r1	y1	b2	f9
B4.b5.f9.g1.r1.u3.y1	0,34593233	6,93E-02	0,6013639	9,63E-02	-0,13356704	-0,14059689	-1,1664258	9,95E-01	r1	y1	b5	f9
B6.b7.f9.g1.r1.u3.y1	0,60766373	1,02E-01	0,5628342	9,62E-02	-0,12655877	-0,13321975	-1,1354122	1,34E+00	r1	y1	b7	f9

