	Intercept	Slope	ICerror	SLerror	r.squared	adj.r.squared	RMSD	MAD	s	b	f
R2.g1.p1.u3.y1	2,446717978	5,15E-01	0,8483574	0,12162452	-0,39224864	-0,41289331	-1,9988867	1,6589419	s0	b0	f0
R2.g1.p1.s1.u3.y1	2,261400959	5,49E-01	0,7784053	0,10423019	-0,33119689	-0,3486283	-1,8367522	1,4118297	s1	b0	f0
B1.R2.b1.g1.p1.u3.y1	2,842242342	5,64E-01	0,8891508	3,31E-01	-0,46060379	-0,4848461	-2,1660636	4,12E+00	s0	b1	f0
B1.R2.b1.g1.p1.s1.u3.y1	2,634712989	3,23E-01	0,7968821	2,36E-01	-0,37778825	-0,39767184	-1,9616958	3,55E+00	s1	b1	f0
B2.R2.b2.g1.p1.u3.y1	5,448265366	6,42E+00	1,0671086	1,18E-01	-0,93560505	-0,98484742	-3,0871215	2,31E+00	s0	b2	f0
B2.R2.b2.g1.p1.s1.u3.y1	3,219228473	1,41E+00	1,0382919	1,16E-01	-0,5976106	-0,62906379	-2,4672695	1,92E+00	s1	b2	f0
B3.R2.b3.g1.p1.u3.y1	1,555735804	3,83E-01	0,8110814	1,07E-01	-0,29469152	-0,3102016	-1,7325719	1,46E+00	s0	b3	f0
B3.R2.b3.g1.p1.s1.u3.y1	1,45179292	6,01E-01	0,6644044	7,37E-02	-0,20911622	-0,22012234	-1,4594906	1,94E+00	s1	b3	f0
B7.R2.b4.g1.p1.u3.y1	1,626987971	3,53E-01	0,8403423	1,15E-01	-0,31606479	-0,33269978	-1,7943019	1,49E+00	s0	 b4	f0
B7.R2.b4.g1.p1.s1.u3.y1	1,217354967	4,75E-01	0,5495621	6,32E-02	-0,14185749	-0,14932368	-1,2020806	1,63E+00	s1	b4	f0
B4.R2.b5.g1.p1.u3.y1	1,046990719	4,68E-01	0,8625456	9,91E-02	-0,28668663	-0,3017754	-1,7088784	1,74E+00	s0	b5	f0
B4.R2.b5.g1.p1.s1.u3.y1	0,755122009	6,26E-01	0,5868119	5,73E-02	-0,1414326	-0,14887642	-1,200279	2,78E+00	s1	b5	f0
B5.R2.b6.g1.p1.u3.y1	1,560921302	3,86E-01	0,8257469	1,09E-01	-0,30309753	-0,31905003	-1,7571088	1,42E+00	s0	b6	f0
B5.R2.b6.g1.p1.s1.u3.y1	1,244302777	5,36E-01	0,5534732	6,14E-02	-0,14467902	-0,15229371	-1,2139764	1,81E+00	s1	b6	f0
B6.R2.b7.g1.p1.u3.y1	1,163179421	3,59E-01	0,7858005	9,88E-02	-0,25524554	-0,26867952	-1,612451	1,34E+00	s0	b7	f0
B6.R2.b7.g1.p1.s1.u3.y1	0,980245264	5,49E-01	0,5278759	5,57E-02	-0,12403963	-0,13056803	-1,1240553	2,12E+00	s1	b7	f0
R2.f2.g1.p1.u3.y1	2,235304967	1,67E-02	0,8514281	1,74E-01	-0,37383027	-0,39350554	-1,9513927	2,48E+00	s0	b0	f2
R2.f2.g1.p1.s1.u3.y1	2,052159188	2,32E-01	0,7355927	1,18E-01	-0,2879771	-0,30313379	-1,7127202	1,65E+00	s1	b0	f2
B1.R2.b1.f2.g1.p1.u3.y1	2,549853488	1,21E+00	0,8763805	4,31E-01	-0,42032864	-0,4424512	-2,0691975	4,65E+00	s0	b1	f2
B1.R2.b1.f2.g1.p1.s1.u3.y1	2,600833275	5,22E-01	0,7939923	2,69E-01	-0,37252076	-0,39212711	-1,9479719	3,90E+00	s1	b1	f2
B2.R2.b2.f2.g1.p1.u3.y1	1,19911045	2,28E-01	0,5725768	1,19E-01	-0,15177966	-0,15976807	-1,2434097	2,26E+00	s0	b2	f2
B2.R2.b2.f2.g1.p1.s1.u3.y1	1,561846563	2,39E-01	0,4957758	7,15E-02	-0,1295507	-0,13636915	-1,1487548	1,01E+00	s1	b2	f2
B3.R2.b3.f2.g1.p1.u3.y1	1,250581368	6,60E-02	0,5673694	1,03E-01	-0,15139781	-0,15936611	-1,2418446	1,73E+00	s0	b3	f2
B3.R2.b3.f2.g1.p1.s1.u3.y1	1,343709416	3,09E-01	0,5103285	6,73E-02	-0,12855431	-0,13532032	-1,1443286	1,06E+00	s1	b3	f2
B7.R2.b4.f2.g1.p1.u3.y1	0,973567928	1,41E-01	0,6308294	1,18E-01	-0,16951713	-0,17843909	-1,3140571	1,78E+00	s0	b4	f2
B7.R2.b4.f2.g1.p1.s1.u3.y1	1,222028597	2,82E-01	0,5259006	6,96E-02	-0,13131626	-0,13822764	-1,1565561	1,07E+00	s1	b4	f2
B4.R2.b5.f2.g1.p1.u3.y1	0,378439621	6,07E-02	0,5971686	9,53E-02	-0,13295594	-0,13995362	-1,1637544	1,00E+00	s0	b5	f2
B4.R2.b5.f2.g1.p1.s1.u3.y1	0,813729289	4,04E-01	0,5045769	5,73E-02	-0,10946387	-0,11522512	-1,0559488	1,57E+00	s1	b5	f2
B5.R2.b6.f2.g1.p1.u3.y1	0,938479143	1,15E-01	0,6233294	1,14E-01	-0,1645939	-0,17325674	-1,2948347	1,68E+00	s0	b6	f2
B5.R2.b6.f2.g1.p1.s1.u3.y1	1,268117583	3,36E-01	0,535858	6,86E-02	-0,13747152	-0,14470687	-1,1833516	1,14E+00	s1	b6	f2
B6.R2.b7.f2.g1.p1.u3.y1	0,633343482	9,94E-02	0,5629156	9,64E-02	-0,12740612	-0,1341117	-1,1392069	1,35E+00	s0	b7	f2
B6.R2.b7.f2.g1.p1.s1.u3.y1	1,001026233	3,47E-01	0,5160655	6,28E-02	-0,11972694	-0,12602836	-1,1043415	1,24E+00	s1	b7	f2
R2.f3.g1.p1.u3.y1	2,112605817	3,96E-01	0,6776428	1,89E-01	-0,25732847	-0,27087207	-1,6190168	3,33E+00	s0	b0	f3
R2.f3.g1.p1.s1.u3.y1	2,055788804	5,34E-03	0,6944713	1,36E-01	-0,26349358	-0,27736167	-1,6382964	2,28E+00	s1	b0	f3
B1.R2.b1.f3.g1.p1.u3.y1	2,179720161	2,24E+00	0,8685317	5,81E-01	-0,37894926	-0,39889396	-1,9647078	5,09E+00	s0	b1	f3
B1.R2.b1.f3.g1.p1.s1.u3.y1	2,63672762	7,12E-01	0,7822836	3,00E-01	-0,36828947	-0,38767313	-1,9368773	4,20E+00	s1	b1	f3
B2.R2.b2.f3.g1.p1.u3.y1	1,251975971	5,41E-01	0,417926	1,09E-01	-0,08691754	-0,09149215	-0,9409383	3,06E+00	s0	b2	f3
B2.R2.b2.f3.g1.p1.s1.u3.y1	1,769426654	1,04E-01	0,5042093	8,44E-02	-0,14150607	-0,14895376	-1,2005907	1,60E+00	s1	b2	f3
B3.R2.b3.f3.g1.p1.u3.y1	1,020350024	4,51E-01	0,4079027	9,68E-02	-0,07797623	-0,08208025	-0,8912275	2,69E+00	s0	b3	f3
B3.R2.b3.f3.g1.p1.s1.u3.y1	1,529001346	1,47E-01	0,4974454	7,70E-02	-0,12915754	-0,13595531	-1,1470104	1,19E+00	s1	b3	f3
B7.R2.b4.f3.g1.p1.u3.y1	0,913153583	5,12E-01	0,4374441	1,07E-01	-0,08635484	-0,09089983	-0,9378876	2,77E+00	s0	b4	f3
B7.R2.b4.f3.g1.p1.s1.u3.y1	1,380930174	1,21E-01	0,5064823	7,85E-02	-0,12810408	-0,1348464	-1,142323	1,14E+00	s1	b4	f3
B4.R2.b5.f3.g1.p1.u3.y1	0,721413929	3,17E-01	0,4534929	9,37E-02	-0,08780813	-0,09242961	-0,9457466	2,09E+00	s0	b5	f3
B4.R2.b5.f3.g1.p1.s1.u3.y1	1,046173744	2,39E-01	0,4994246	6,65E-02	-0,11416911	-0,12017801	-1,0784047	8,46E-01	s1	b5	f3
B5.R2.b6.f3.g1.p1.u3.y1	0,96039727	4,60E-01	0,4610255	1,09E-01	-0,09638677	-0,10145975	-0,9908688	2,67E+00	s0	b6	f3
B5.R2.b6.f3.g1.p1.s1.u3.y1	1,444917742	1,73E-01	0,5238091	7,84E-02	-0,13845166	-0,14573859	-1,1875627	1,06E+00	s1	b6	f3
B6.R2.b7.f3.g1.p1.u3.y1	0,903767154	3,58E-01	0,432378	9,45E-02	-0,08428959	-0,08872588	-0,9266045	2,35E+00	s0	b7	f3
B6.R2.b7.f3.g1.p1.s1.u3.y1	1,201299703	1,86E-01	0,5052248	7,19E-02	-0,1214965	-0,12789105	-1,1124726	8,41E-01	s1	b7	f3
R2.f6.g1.p1.u3.y1	1,672858913	3,19E-01	0,8492754	2,10E-01	-0,32455381	-0,34163559	-1,8182383	2,82E+00	s0	b0	f6
R2.f6.g1.p1.s1.u3.y1	2,043308765	4,05E-01	0,778182	1,10E-01	-0,31289113	-0,32935908	-1,7852707	1,36E+00	s1	b0	f6
B1.R2.b1.f6.g1.p1.u3.y1	2,178040451	1,73E+00	0,8980207	5,07E-01	-0,39627295	-0,41712942	-2,0091144	4,85E+00	s0	b1	f6
B1.R2.b1.f6.g1.p1.s1.u3.y1	2,555077931	4,20E-01	0,8004541	2,51E-01	-0,37227213	-0,3918654	-1,9473217	3,69E+00	s1	b1	f6
B2.R2.b2.f6.g1.p1.u3.y1	0,639232211	5,22E-01	0,522303	1,24E-01	-0,11147438	-0,11734145	-1,0656019	2,61E+00	s0	b2	 f6
B2.R2.b2.f6.g1.p1.s1.u3.y1	1,427908632	3,25E-01	0,50481	6,66E-02	-0,12898557	-0,13577428	-1,1462465	9,28E-01	s1	b2	f6
B3.R2.b3.f6.g1.p1.u3.y1	0,463117312	4,16E-01	0,652813	1,41E-01	-0,15866107	-0,16701166	-1,2712842	2,23E+00	s0	b3	f6
B3.R2.b3.f6.g1.p1.s1.u3.y1	1,233269016	4,18E-01	0,5406181	6,48E-02	-0,13836401	-0,14564633	-1,1871867	1,38E+00	s1	b3	f6  
B7.R2.b4.f6.g1.p1.u3.y1	0,462346654	4,36E-01	0,6518067	1,43E-01	-0,15820835	-0,16653511	-1,2694692	2,27E+00	s0	b4	f6
B7.R2.b4.f6.g1.p1.s1.u3.y1	1,128759014	3,92E-01	0,5613205	6,75E-02	-0,14388549	-0,15145841	-1,2106426	1,38E+00	s1	b4	f6
B4.R2.b5.f6.g1.p1.u3.y1	-0,243913459	3,42E-01	0,5935848	1,10E-01	-0,1135928	-0,11957137	-1,0756794	1,53E+00	s0	b5	f6
B4.R2.b5.f6.g1.p1.s1.u3.y1	0,645100768	5,16E-01	0,5331445	5,48E-02	-0,11587778	-0,12197661	-1,0864445	2,32E+00	s1	b5	f6
B5.R2.b6.f6.g1.p1.u3.y1	0,384425233	4,07E-01	0,6215822	1,32E-01	-0,14292326	-0,15044553	-1,2065877	2,15E+00	s0	b6	f6
B5.R2.b6.f6.g1.p1.s1.u3.y1	1,15378193	4,48E-01	0,5617742	6,52E-02	-0,14503794	-0,15267152	-1,2154812	1,55E+00	s1	b6	f6
B6.R2.b7.f6.g1.p1.u3.y1	0,004695812	4,07E-01	0,5950276	1,20E-01	-0,12085851	-0,12721949	-1,1095479	1,90E+00	s0	b7	f6
B6.R2.b7.f6.g1.p1.s1.u3.y1	0,857435384	4,50E-01	0,5481551	6,08E-02	-0,12857856	-0,13534585	-1,1444366	1,77E+00	s1	b7	f6
R2.f7.g1.p1.u3.y1	2,103999917	4,07E-02	0,8293654	1,61E-01	-0,34868175	-0,36703342	-1,8846124	2,23E+00	s0	b0	f7
R2.f7.g1.p1.s1.u3.y1	2,035460007	0,077342358	0,7201048	1,32E-01	-0,2774217	-0,29202284	-1,6810385	2,06E+00	s1	b0	f7
B1.R2.b1.f7.g1.p1.u3.y1	2,527517878	1,189140899	0,8826902	4,29E-01	-0,42192552	-0,44413212	-2,0731243	4,63E+00	s0	b1	f7
B1.R2.b1.f7.g1.p1.s1.u3.y1	2,595050864	0,655759161	0,7838186	2,88E-01	-0,36523872	-0,38446181	-1,9288384	4,10E+00	s1	b1	f7
B2.R2.b2.f7.g1.p1.u3.y1	1,062634923	0,193122586	0,5553605	1,10E-01	-0,13877345	-0,14607731	-1,1889419	2,06E+00	s0	b2	f7
B2.R2.b2.f7.g1.p1.s1.u3.y1	1,679406696	0,138384649	0,5090127	8,14E-02	-0,14033368	-0,14771966	-1,1956069	1,42E+00	s1	b2	f7
B3.R2.b3.f7.g1.p1.u3.y1	1,089013784	0,042371842	0,6819591	1,19E-01	-0,199165	-0,20964737	-1,4243409	1,51E+00	s0	b3	f7
B3.R2.b3.f7.g1.p1.s1.u3.y1	1,439964163	0,189922247	0,510518	7,52E-02	-0,1320518	-0,13900189	-1,1597907	1,01E+00	s1	b3	f7
B7.R2.b4.f7.g1.p1.u3.y1	1,150148898	0,059074923	0,7296163	1,31E-01	-0,22600886	-0,23790406	-1,5172955	1,62E+00	s0	b4	f7
B7.R2.b4.f7.g1.p1.s1.u3.y1	1,300186858	0,163949887	0,5227794	7,71E-02	-0,13267016	-0,1396528	-1,162503	9,89E-01	s1	b4	f7
B4.R2.b5.f7.g1.p1.u3.y1	0,501321545	0,00518523	0,6870348	1,05E-01	-0,17480476	-0,18400501	-1,334394	1,04E+00	s0	b5	f7
B4.R2.b5.f7.g1.p1.s1.u3.y1	0,918097524	0,282096217	0,5104811	6,45E-02	-0,11487416	-0,12092017	-1,0817294	1,02E+00	s1	b5	f7
B5.R2.b6.f7.g1.p1.u3.y1	1,041443591	0,047270001	0,6990651	1,22E-01	-0,20511615	-0,21591174	-1,4454643	1,50E+00	s0	b6	f7
B5.R2.b6.f7.g1.p1.s1.u3.y1	1,358346435	0,21923486	0,5351862	7,61E-02	-0,14052185	-0,14791773	-1,1964082	9,31E-01	s1	b6	f7
B6.R2.b7.f7.g1.p1.u3.y1	0,69787253	0,04961825	0,6847878	1,14E-01	-0,1822036	-0,19179326	-1,3623413	1,23E+00	s0	b7	f7
B6.R2.b7.f7.g1.p1.s1.u3.y1	1,090140842	0,224763284	0,5203048	7,06E-02	-0,12438867	-0,13093544	-1,1256357	8,43E-01	s1	b7	f7

