	Intercept	Slope	ICerror	SLerror	r.squared	adj.r.squared	RMSD	MAD	b	f
R2.g1.p1.u3.y1	2,4624554	0,50225654	0,7184178	0,1507366	-0,4178882	-0,4477373	-1,531131	1,6886164	b0	f0
B1.R2.b1.g1.p1.u3.y1	2,3703419	0,89190532	0,9285692	0,55760525	-0,5487646	-0,5879621	-1,7545888	3,6794455	b1	f0
B2.R2.b2.g1.p1.u3.y1	1,7548782	0,12884472	0,6271788	0,1429533	-0,2671702	-0,2862538	-1,2242674	1,5709881	b2	f0
B4.R2.b5.g1.p1.u3.y1	1,1239542	0,32866634	0,819453	0,1396714	-0,3253008	-0,3485365	-1,3509051	0,9557385	b5	f0
B5.R2.b6.g1.p1.u3.y1	1,4296867	0,18637399	0,7818309	0,15940744	-0,3336499	-0,357482	-1,3681313	1,1372337	b6	f0
R2.f1.g1.p1.u3.y1	2,4038975	0,25127379	0,6638929	0,1627205	-0,3672434	-0,393475	-1,4353549	1,861809	b0	f1
B1.R2.b1.f1.g1.p1.u3.y1	2,3608359	1,0614818	0,9092929	0,59145312	-0,535406	-0,5736493	-1,7331012	3,7955716	b1	f1
B2.R2.b2.f1.g1.p1.u3.y1	5,106608	12,82375599	0,5531503	0,05010294	-0,8703981	-0,9325694	-2,2097405	4,7073138	b2	f1
B4.R2.b5.f1.g1.p1.u3.y1	1,8617228	0,49684014	0,8109145	0,14618895	-0,4013266	-0,4299928	-1,5004837	1,1340979	b5	f1
B5.R2.b6.f1.g1.p1.u3.y1	1,337364	0,03191554	0,7246839	0,16552629	-0,290005	-0,3107197	-1,2755136	1,4346179	b6	f1
R2.f10.g1.p1.u3.y1	2,6220969	1,04710406	0,7475176	0,12170164	-0,4649436	-0,4981539	-1,6150369	1,5644908	b0	f10
B1.R2.b1.f10.g1.p1.u3.y1	2,4684399	0,50182505	0,9484065	0,46818741	-0,576378	-0,6175478	-1,7981917	3,3635322	b1	f10
B2.R2.b2.f10.g1.p1.u3.y1	5,0133848	39,07139225	0,7222482	0,07769459	-0,9926847	-1,0635907	-2,3598694	3,590427	b2	f10
B4.R2.b5.f10.g1.p1.u3.y1	1,5095239	0,83319909	0,9432089	0,12865974	-0,437827	-0,4691004	-1,5672331	1,7519561	b5	f10
B5.R2.b6.f10.g1.p1.u3.y1	1,9560386	0,74894142	0,8949273	0,14302232	-0,4669407	-0,5002936	-1,6185018	1,3282152	b6	f10
R2.f15.g1.p1.u3.y1	4,284971	1,82015089	0,7923411	0,23490005	-0,860019	-0,9214489	-2,1965259	3,2832426	b0	f15
B1.R2.b1.f15.g1.p1.u3.y1	3,8365071	0,81226395	0,9108226	1,01938364	-0,815823	-0,874096	-2,1393423	4,4239677	b1	f15
B2.R2.b2.f15.g1.p1.u3.y1	3,8013368	0,38795923	0,8226593	0,34286702	-0,7602227	-0,8145244	-2,0651554	3,4447273	b2	f15
B4.R2.b5.f15.g1.p1.u3.y1	3,5464045	0,6261269	0,9553295	0,30732633	-0,777606	-0,8331493	-2,0886328	2,8678652	b5	f15
B5.R2.b6.f15.g1.p1.u3.y1	3,7710489	0,6488611	0,9131947	0,32751272	-0,803256	-0,8606314	-2,1228011	3,129629	b6	f15
R2.f16.g1.p1.u3.y1	3,3486854	0,08832002	0,7848183	0,38019799	-0,6308024	-0,6758597	-1,881174	3,4946401	b0	f16
B1.R2.b1.f16.g1.p1.u3.y1	3,3700588	1,98048781	0,9187379	1,28864404	-0,7235349	-0,775216	-2,0147078	4,5509456	b1	f16
B2.R2.b2.f16.g1.p1.u3.y1	2,6865488	0,72581417	0,7665033	0,45219529	-0,4900956	-0,5251024	-1,6581458	3,7214111	b2	f16
B4.R2.b5.f16.g1.p1.u3.y1	1,9497739	0,55750261	0,8963941	0,4057702	-0,4687522	-0,50481	-1,6203442	3,038993	b5	f16
B5.R2.b6.f16.g1.p1.u3.y1	2,5264666	0,55313166	0,9073036	0,46909678	-0,5608514	-0,6009123	-1,7738065	3,4598157	b6	f16 
R2.f17.g1.p1.u3.y1	3,353565	0,08140749	0,7848938	0,37868167	-0,6319082	-0,6770445	-1,8828222	3,4885889	b0	f17
B1.R2.b1.f17.g1.p1.u3.y1	3,371981	1,96810047	0,9182081	1,28358336	-0,7236269	-0,7753146	-2,0148359	4,5491048	b1	f17
B2.R2.b2.f17.g1.p1.u3.y1	2,6933636	0,71440203	0,7666513	0,45033664	-0,4913531	-0,5264497	-1,6602716	3,7158951	b2	f17
B4.R2.b5.f17.g1.p1.u3.y1	2,1137393	0,55012219	0,9274979	0,42192488	-0,5091324	-0,545499	-1,6900428	3,1902851	b5	f17
B5.R2.b6.f17.g1.p1.u3.y1	2,5290765	0,54924675	0,9069889	0,4681457	-0,5610854	-0,6011629	-1,7741764	3,457269	b6	f17
R2.f18.g1.p1.u3.y1	3,3571243	0,08019739	0,7847659	0,37880116	-0,6325756	-0,6777595	-1,8838162	3,4900259	b0	f18
B1.R2.b1.f18.g1.p1.u3.y1	3,3763036	1,96309901	0,918056	1,2839435	-0,724413	-0,7761568	-2,0159299	4,5495541	b1	f18
B2.R2.b2.f18.g1.p1.u3.y1	2,6986089	0,71327985	0,7668385	0,45096649	-0,492379	-0,5275489	-1,662004	3,7180192	b2	f18
B4.R2.b5.f18.g1.p1.u3.y1	2,1225	0,54805216	0,9274825	0,4224348	-0,510404	-0,5468614	-1,6921519	3,1933275	b5	f18
B5.R2.b6.f18.g1.p1.u3.y1	2,5322069	0,54805713	0,9069842	0,46827546	-0,5616002	-0,6017145	-1,7749901	3,4579925	b6	f18
R2.f2.g1.p1.u3.y1	2,3398483	0,17834333	0,7011222	0,18031283	-0,3872592	-0,4149206	-1,4739515	1,957242	b0	f2
B1.R2.b1.f2.g1.p1.u3.y1	2,3114044	1,20381213	0,9200648	0,63094956	-0,5343511	-0,5725191	-1,7313931	3,8604351	b1	f2
B2.R2.b2.f2.g1.p1.u3.y1	1,3743976	0,13168329	0,5622233	0,14921524	-0,1957478	-0,2097298	-1,0479263	1,88231	b2	f2
B4.R2.b5.f2.g1.p1.u3.y1	0,6536823	0,01090578	0,6838039	0,14095556	-0,2139535	-0,2292359	-1,0955747	0,9300981	b5	f2
B5.R2.b6.f2.g1.p1.u3.y1	1,2113111	0,04101816	0,7080273	0,16874044	-0,2689162	-0,2881245	-1,2282614	1,5198484	b6	f2
R2.f3.g1.p1.u3.y1	2,3246394	0,06358655	0,6686943	0,21341183	-0,3604759	-0,3862242	-1,4220682	2,4933866	b0	f3
B1.R2.b1.f3.g1.p1.u3.y1	2,3062988	1,5150271	0,8918671	0,69398797	-0,5159668	-0,5528216	-1,7013481	4,0176329	b1	f3
B2.R2.b2.f3.g1.p1.u3.y1	1,4149918	0,32880274	0,5040255	0,15773288	-0,1647635	-0,1765323	-0,9614192	2,3385015	b2	f3
B4.R2.b5.f3.g1.p1.u3.y1	0,6982612	0,20139414	0,594452	0,14621021	-0,1717425	-0,1840098	-0,9815698	1,4858452	b5	f3
B5.R2.b6.f3.g1.p1.u3.y1	1,1868735	0,25550422	0,6318913	0,17965981	-0,2228044	-0,2387191	-1,1180063	1,9928299	b6	f3
R2.f4.g1.p1.u3.y1	2,4176783	0,74295217	0,7742311	0,1395271	-0,4529459	-0,4852992	-1,594063	1,4391437	b0	f4
B1.R2.b1.f4.g1.p1.u3.y1	2,3717015	0,71955425	0,9502195	0,52052306	-0,5619513	-0,6020906	-1,7755448	3,5331224	b1	f4
B2.R2.b2.f4.g1.p1.u3.y1	4,1826878	2,44219859	0,5909257	0,10525689	-0,6476158	-0,693874	-1,9060795	2,2212045	b2	f4
B4.R2.b5.f4.g1.p1.u3.y1	1,104776	0,50106579	0,9050899	0,13679778	-0,3711947	-0,3977086	-1,443056	1,3058972	b5	f4
B5.R2.b6.f4.g1.p1.u3.y1	1,5763166	0,40810988	0,8556115	0,1532404	-0,3946182	-0,4228052	-1,48789	1,1079704	b6	f4
R2.f5.g1.p1.u3.y1	2,4579069	0,43312323	0,7215072	0,15856082	-0,4195881	-0,4495587	-1,5342421	1,7685577	b0	f5
B1.R2.b1.f5.g1.p1.u3.y1	2,3481285	0,95839608	0,9211111	0,56791177	-0,5407165	-0,5793391	-1,7416749	3,7179357	b1	f5
B2.R2.b2.f5.g1.p1.u3.y1	1,4570074	0,02210126	0,6792934	0,16031938	-0,2732101	-0,2927251	-1,2380287	1,5822433	b2	f5
B4.R2.b5.f5.g1.p1.u3.y1	0,7581282	0,12913244	0,7550297	0,13972062	-0,2584071	-0,2768647	-1,2040222	0,7624176	b5	f5
B5.R2.b6.f5.g1.p1.u3.y1	1,3802016	0,12575153	0,771855	0,16382502	-0,3225771	-0,3456183	-1,3452378	1,217008	b6	f5
R2.f6.g1.p1.u3.y1	2,3438003	0,36934399	0,7390261	0,16479853	-0,4162122	-0,4459417	-1,5280576	1,7046184	b0	f6
B1.R2.b1.f6.g1.p1.u3.y1	2,3031064	1,0295703	0,9388389	0,59299058	-0,5444463	-0,5833353	-1,7476716	3,7458752	b1	f6
B2.R2.b2.f6.g1.p1.u3.y1	1,3720282	0,01817643	0,6154279	0,14750628	-0,2271037	-0,2433254	-1,1287413	1,6177616	b2	f6
B4.R2.b5.f6.g1.p1.u3.y1	0,6494005	0,11392975	0,7708023	0,14162963	-0,2584128	-0,2768709	-1,2040356	0,7955767	b5	f6
B5.R2.b6.f6.g1.p1.u3.y1	1,2613616	0,09457758	0,7727999	0,16423897	-0,3115096	-0,3337603	-1,3219592	1,1794973	b6	f6
R2.f7.g1.p1.u3.y1	2,3191342	0,02129466	0,6931007	0,2041621	-0,3783677	-0,4053939	-1,4569321	2,2589113	b0	f7
B1.R2.b1.f7.g1.p1.u3.y1	2,2865456	1,41380194	0,901626	0,67022998	-0,5190863	-0,5561639	-1,7064836	3,9620798	b1	f7
B2.R2.b2.f7.g1.p1.u3.y1	1,3772118	0,2659788	0,5321742	0,15772642	-0,178518	-0,1912693	-1,0007448	2,1692777	  b2	f7
B4.R2.b5.f7.g1.p1.u3.y1	0,6214996	0,14267877	0,6394025	0,14773069	-0,1896291	-0,203174	-1,0314183	1,2903356	b5	f7
B5.R2.b6.f7.g1.p1.u3.y1	1,1633584	0,18272621	0,6669458	0,17819296	-0,2411539	-0,2583792	-1,1631333	1,816953	b6	f7
R2.f8.g1.p1.u3.y1	2,5935735	0,04208247	0,5728677	0,19001295	-0,3176243	-0,3403118	-1,3348707	2,696697	b0	f8
B1.R2.b1.f8.g1.p1.u3.y1	2,3569212	1,80882623	0,8755198	0,77095641	-0,5133161	-0,5499816	-1,6969723	4,1538073	b1	f8
B2.R2.b2.f8.g1.p1.u3.y1	1,7373403	0,3075787	0,4311341	0,14163006	-0,1410773	-0,1511543	-0,8896331	2,5394351	b2	f8
B4.R2.b5.f8.g1.p1.u3.y1	1,3386059	0,11356372	0,5039294	0,13001928	-0,1602702	-0,1717181	-0,9482192	1,7270155	b5	f8
B5.R2.b6.f8.g1.p1.u3.y1	1,5194345	0,2476697	0,5297744	0,15958761	-0,1863623	-0,1996739	-1,0224955	2,2395684	b6	f8
R2.f9.g1.p1.u3.y1	2,6920167	0,44527321	0,673053	0,15615879	-0,4162687	-0,4460022	-1,5281613	2,0072559	b0	f9
B1.R2.b1.f9.g1.p1.u3.y1	2,4100367	1,0257298	0,9047165	0,58698229	-0,5403312	-0,5789263	-1,7410543	3,7960046	b1	f9
B2.R2.b2.f9.g1.p1.u3.y1	1,6283403	0,02133541	0,5607955	0,1421087	-0,2132424	-0,228474	-1,0937525	1,8340561	b2	f9 
B4.R2.b5.f9.g1.p1.u3.y1	0,9430018	0,10888352	0,6713187	0,13065776	-0,2271309	-0,2433545	-1,1288089	0,8489618	b5	f9
B5.R2.b6.f9.g1.p1.u3.y1	1,4101321	0,05354792	0,7037045	0,15975663	-0,2839762	-0,3042602	-1,2621857	1,4423862	b6	f9

