	Intercept	Slope	ICerror	SLerror	r.squared	adj.r.squared	RMSD	MAD	c	b	f
g1.r1.u3.y1	2,2856973	1,67E-01	0,8761624	1,58E-01	-0,3935889	-0,4143041	-2,002299	2,12E+00	c0	b0	f0
c1.g1.r1.u3.y1	2,5027526	8,68E-01	0,7921632	9,25E-02	-0,3618357	-0,3808796	-1,919832	1,73E+00	c1	b0	f0
B1.b1.g1.r1.u3.y1	2,5077891	1,06E+00	0,8991782	4,11E-01	-0,4300345	-0,4526679	-2,092951	4,51E+00	c0	b1	f0
B1.b1.c1.g1.r1.u3.y1	3,1364633	1,15E-01	0,9046243	2,08E-01	-0,5062185	-0,5328615	-2,270787	2,81E+00	c1	b1	f0
B2.b2.g1.r1.u3.y1	0,9841256	1,12E-01	0,5868865	1,07E-01	-0,1499174	-0,1578078	-1,235758	1,71E+00	c0	b2	f0
B2.b2.c1.g1.r1.u3.y1	4,0550194	3,04E+00	1,0528226	9,21E-02	-0,7243544	-0,7624783	-2,716333	3,43E+00	c1	b2	f0
B3.b3.g1.r1.u3.y1	0,8530809	1,55E-02	0,8836163	1,42E-01	-0,284531	-0,2995063	-1,702442	1,28E+00	c0	b3	f0
B3.b3.c1.g1.r1.u3.y1	1,7704349	1,07E+00	0,7502349	6,84E-02	-0,2759772	-0,2905024	-1,676656	3,32E+00	c1	b3	f0
B7.b4.g1.r1.u3.y1	0,9609438	3,47E-02	0,7387415	1,26E-01	-0,2202402	-0,2318318	-1,497807	1,40E+00	c0	b4	f0
B7.b4.c1.g1.r1.u3.y1	1,7969056	1,08E+00	0,7863529	7,19E-02	-0,2985485	-0,3142616	-1,743873	3,26E+00	c1	b4	f0
B4.b5.g1.r1.u3.y1	0,7740688	1,45E-01	0,8403541	1,18E-01	-0,2588323	-0,2724551	-1,623741	1,01E+00	c0	b5	f0
B4.b5.c1.g1.r1.u3.y1	1,3880356	1,28E+00	0,7974183	6,20E-02	-0,2756906	-0,2902007	-1,675786	5,03E+00	c1	b5	f0
B5.b6.g1.r1.u3.y1	0,8702063	1,74E-02	0,7132097	1,18E-01	-0,2033551	-0,214058	-1,439246	1,27E+00	c0	b6	f0
B5.b6.c1.g1.r1.u3.y1	1,8728033	1,19E+00	0,7940854	7,01E-02	-0,3087996	-0,3250522	-1,77356	3,58E+00	c1	b6	f0
B6.b7.g1.r1.u3.y1	0,4879982	2,24E-02	0,6701003	1,05E-01	-0,1669679	-0,1757557	-1,304139	9,87E-01	c0	b7	f0
B6.b7.c1.g1.r1.u3.y1	1,6684027	1,23E+00	0,8039692	6,73E-02	-0,2989574	-0,314692	-1,745067	4,12E+00	c1	b7	f0
f2.g1.r1.u3.y1	1,9631808	1,82E-01	0,8926166	1,50E-01	-0,3733102	-0,3929581	-1,950035	1,72E+00	c0	b0	f2
c1.f2.g1.r1.u3.y1	2,6412398	1,22E+00	0,9187257	9,49E-02	-0,4564462	-0,4804697	-2,156266	2,28E+00	c1	b0	f2
B1.b1.f2.g1.r1.u3.y1	3,3903709	8,56E-01	0,9989523	5,20E-01	-0,5983479	-0,6298399	-2,468791	4,78E+00	c0	b1	f2
B1.b1.c1.f2.g1.r1.u3.y1	3,0745685	1,33E-01	0,9169165	2,05E-01	-0,5063655	-0,5330164	-2,271117	2,68E+00	c1	b1	f2
B2.b2.f2.g1.r1.u3.y1	3,0755402	3,68E-01	0,6800925	1,20E-01	-0,3394006	-0,3572638	-1,859361	2,09E+00	c0	b2	f2
B2.b2.c1.f2.g1.r1.u3.y1	3,2107758	1,61E+00	0,7073103	6,79E-02	-0,3740656	-0,3937532	-1,952007	3,17E+00	c1	b2	f2
B3.b3.f2.g1.r1.u3.y1	0,9121528	5,45E-02	0,7455192	1,16E-01	-0,2209336	-0,2325617	-1,500163	1,20E+00	c0	b3	f2
B3.b3.c1.f2.g1.r1.u3.y1	1,8658552	1,17E+00	0,7826564	6,96E-02	-0,3016342	-0,3175097	-1,752862	3,51E+00	c1	b3	f2
B7.b4.f2.g1.r1.u3.y1	0,9838568	3,57E-02	0,7960752	1,28E-01	-0,2496414	-0,2627804	-1,594651	1,34E+00	c0	b4	f2
B7.b4.c1.f2.g1.r1.u3.y1	1,74396	1,18E+00	0,8181567	7,09E-02	-0,3126245	-0,3290784	-1,78451	3,78E+00	c1	b4	f2
B4.b5.f2.g1.r1.u3.y1	0,3317193	1,18E-01	0,7968335	1,07E-01	-0,2152129	-0,2265398	-1,480613	1,05E+00	c0	b5	f2
B4.b5.c1.f2.g1.r1.u3.y1	1,3585219	1,40E+00	0,8544764	6,32E-02	-0,3038837	-0,3198776	-1,759386	5,69E+00	c1	b5	f2
B5.b6.f2.g1.r1.u3.y1	0,8488987	4,48E-02	0,7636581	1,19E-01	-0,2262839	-0,2381936	-1,518219	1,17E+00	c0	b6	f2
B5.b6.c1.f2.g1.r1.u3.y1	1,809833	1,29E+00	0,8241924	6,90E-02	-0,3211939	-0,3380988	-1,808802	4,10E+00	c1	b6	f2
B6.b7.f2.g1.r1.u3.y1	1,687092	4,87E-02	1,1124444	2,04E-01	-0,4646082	-0,4890612	-2,175459	1,82E+00	c0	b7	f2
B6.b7.c1.f2.g1.r1.u3.y1	1,5950714	1,32E+00	0,8452347	6,73E-02	-0,316331	-0,33298	-1,795057	4,73E+00	c1	b7	f2
f3.g1.r1.u3.y1	1,9617164	6,00E-02	0,8548281	1,79E-01	-0,3513788	-0,3698725	-1,891887	2,43E+00	c0	b0	f3
c1.f3.g1.r1.u3.y1	2,8306855	7,83E-01	0,7870931	1,03E-01	-0,3912813	-0,411875	-1,99642	1,74E+00	c1	b0	f3
B1.b1.f3.g1.r1.u3.y1	2,3774307	1,38E+00	0,8847839	4,53E-01	-0,4078487	-0,4293144	-2,038248	4,71E+00	c0	b1	f3
B1.b1.c1.f3.g1.r1.u3.y1	3,1152532	1,12E-02	0,8988724	2,32E-01	-0,499788	-0,5260926	-2,256318	3,15E+00	c1	b1	f3
B2.b2.f3.g1.r1.u3.y1	1,1784144	2,70E-01	0,5164129	1,10E-01	-0,1256236	-0,1322354	-1,13121	2,36E+00	c0	b2	f3
B2.b2.c1.f3.g1.r1.u3.y1	2,2254471	7,96E-01	0,7240457	8,25E-02	-0,2942845	-0,3097731	-1,731375	1,54E+00	c1	b2	f3
B3.b3.f3.g1.r1.u3.y1	2,1956046	8,94E-02	0,6827697	1,27E-01	-0,2663818	-0,2804019	-1,647251	1,96E+00	c0	b3	f3
B3.b3.c1.f3.g1.r1.u3.y1	2,0917791	8,70E-01	0,7112308	7,58E-02	-0,2762106	-0,290748	-1,677365	2,03E+00	c1	b3	f3
B7.b4.f3.g1.r1.u3.y1	0,8241285	2,07E-01	0,6804342	1,32E-01	-0,1858583	-0,1956403	-1,375937	1,89E+00	c0	b4	f3
B7.b4.c1.f3.g1.r1.u3.y1	1,8352823	8,50E-01	0,7745171	8,01E-02	-0,2946164	-0,3101226	-1,732351	2,25E+00	c1	b4	f3
B4.b5.f3.g1.r1.u3.y1	0,2277887	1,27E-01	0,6118692	1,02E-01	-0,1338957	-0,1409428	-1,16786	1,14E+00	c0	b5	f3
B4.b5.c1.f3.g1.r1.u3.y1	1,5433311	1,04E+00	0,7956036	7,11E-02	-0,285342	-0,30036	-1,704866	3,50E+00	c1	b5	f3
B5.b6.f3.g1.r1.u3.y1	0,7361951	1,85E-01	0,6501025	1,22E-01	-0,1682977	-0,1771555	-1,309322	1,76E+00	c0	b6	f3
B5.b6.c1.f3.g1.r1.u3.y1	1,9125557	9,44E-01	0,7832499	7,83E-02	-0,3055721	-0,3216548	-1,764267	2,51E+00	c1	b6	f3
B6.b7.f3.g1.r1.u3.y1	0,3738784	1,87E-01	0,6218524	1,11E-01	-0,1426709	-0,1501799	-1,205522	1,49E+00	c0	b7	f3
B6.b7.c1.f3.g1.r1.u3.y1	1,707902	9,74E-01	0,8004802	7,61E-02	-0,2999245	-0,31571	-1,747887	2,92E+00	c1	b7	f3 
f6.g1.r1.u3.y1	1,891268	4,48E-02	0,8634847	1,61E-01	-0,35036	-0,3688	-1,889142	2,04E+00	c0	b0	f6
c1.f6.g1.r1.u3.y1	2,5394834	9,44E-01	0,8989423	1,03E-01	-0,433241	-0,4560432	-2,10074	1,81E+00	c1	b0	f6
B1.b1.f6.g1.r1.u3.y1	2,4241595	1,20E+00	0,9065198	4,34E-01	-0,4257842	-0,4481939	-2,082583	4,59E+00	c0	  b1	f6
B1.b1.c1.f6.g1.r1.u3.y1	3,0510736	4,11E-02	0,9144429	2,21E-01	-0,5018543	-0,5282677	-2,260978	2,91E+00	c1	b1	f6
B2.b2.f6.g1.r1.u3.y1	0,788017	2,09E-01	0,5665999	1,09E-01	-0,1340143	-0,1410677	-1,168377	1,91E+00	c0	b2	f6
B2.b2.c1.f6.g1.r1.u3.y1	2,0633656	9,05E-01	0,7425903	7,75E-02	-0,2930506	-0,3084743	-1,727741	2,07E+00	c1	b2	f6
B3.b3.f6.g1.r1.u3.y1	0,8327783	5,23E-02	0,7007054	1,19E-01	-0,1956701	-0,2059685	-1,411788	1,35E+00	c0	b3	f6
B3.b3.c1.f6.g1.r1.u3.y1	1,7889219	9,82E-01	0,760655	7,27E-02	-0,2832471	-0,2981549	-1,698596	2,87E+00	c1	b3	f6
B7.b4.f6.g1.r1.u3.y1	0,860839	7,48E-02	0,7505921	1,31E-01	-0,2206637	-0,2322775	-1,499246	1,46E+00	 c0	b4	f6
B7.b4.c1.f6.g1.r1.u3.y1	1,7226197	1,00E+00	0,8031584	7,55E-02	-0,3025323	-0,318455	-1,75547	3,04E+00	c1	b4	f6
B4.b5.f6.g1.r1.u3.y1	0,0956617	2,19E-02	0,6947558	1,03E-01	-0,1621172	-0,1706497	-1,285056	9,13E-01	c0	b5	f6
B4.b5.c1.f6.g1.r1.u3.y1	1,3500496	1,19E+00	0,8287282	6,70E-02	-0,2896997	-0,304947	-1,717835	4,63E+00	c1	b5	f6
B5.b6.f6.g1.r1.u3.y1	0,7261604	6,66E-02	0,7129633	1,21E-01	-0,1963143	-0,2066466	-1,414111	1,33E+00	c0	b6	f6
B5.b6.c1.f6.g1.r1.u3.y1	1,7963308	1,10E+00	0,8098496	7,37E-02	-0,3119447	-0,3283629	-1,782569	3,33E+00	c1	b6	f6
B6.b7.f6.g1.r1.u3.y1	0,3342933	7,41E-02	0,6932724	1,12E-01	-0,1706803	-0,1796635	-1,318558	1,06E+00	c0	b7	f6
B6.b7.c1.f6.g1.r1.u3.y1	1,5819984	1,13E+00	0,8327482	7,20E-02	-0,3084931	-0,3247296	-1,772679	3,84E+00	c1	b7	f6
f7.g1.r1.u3.y1	1,8298704	2,77E-01	0,7923382	1,94E-01	-0,3044816	-0,3205069	-1,761116	2,82E+00	c0	b0	f7
c1.f7.g1.r1.u3.y1	2,4624796	4,63E-01	0,8442768	1,26E-01	-0,3912474	-0,4118394	-1,996334	1,70E+00	c1	b0	f7
B1.b1.f7.g1.r1.u3.y1	2,3014264	1,67E+00	0,8728591	4,94E-01	-0,3931132	-0,4138034	-2,001088	4,86E+00	c0	b1	f7
B1.b1.c1.f7.g1.r1.u3.y1	3,0885235	1,29E-01	0,8936224	2,55E-01	-0,4930085	-0,5189563	-2,240963	3,47E+00	c1	b1	f7
B2.b2.f7.g1.r1.u3.y1	0,8471857	4,79E-01	0,4819242	1,14E-01	-0,1015183	-0,1068614	-1,016903	2,64E+00	c0	b2	f7
B2.b2.c1.f7.g1.r1.u3.y1	2,253047	6,15E-01	0,7193227	9,15E-02	-0,2935079	-0,3089557	-1,729089	1,31E+00	c1	b2	f7
B3.b3.f7.g1.r1.u3.y1	0,764196	3,39E-01	0,5699695	1,21E-01	-0,1346227	-0,1417081	-1,171026	2,22E+00	c0	b3	f7
B3.b3.c1.f7.g1.r1.u3.y1	1,9439007	6,44E-01	0,7181688	8,48E-02	-0,2696661	-0,2838591	-1,657374	1,39E+00	c1	b3	f7
B7.b4.f7.g1.r1.u3.y1	0,7434059	3,76E-01	0,6234535	1,36E-01	-0,1568227	-0,1650765	-1,263898	2,30E+00	c0	b4	f7
B7.b4.c1.f7.g1.r1.u3.y1	1,8446646	6,55E-01	0,7571198	8,76E-02	-0,2852569	-0,3002704	-1,704612	1,57E+00	c1	b4	f7
B4.b5.f7.g1.r1.u3.y1	0,1037827	2,83E-01	0,5596504	1,04E-01	-0,1107749	-0,1166051	-1,062253	1,58E+00	c0	b5	f7
B4.b5.c1.f7.g1.r1.u3.y1	1,5336904	8,22E-01	0,7813704	7,79E-02	-0,2768993	-0,2914729	-1,679455	2,53E+00	c1	b5	f7
B5.b6.f7.g1.r1.u3.y1	0,6731991	3,49E-01	0,5935092	1,26E-01	-0,1413743	-0,1488151	-1,200032	2,19E+00	c0	b6	f7
B5.b6.c1.f7.g1.r1.u3.y1	1,9283207	7,39E-01	0,7670939	8,58E-02	-0,2973115	-0,3129595	-1,740257	1,69E+00	c1	b6	f7
B6.b7.f7.g1.r1.u3.y1	0,3279144	3,46E-01	0,5681744	1,14E-01	-0,1201547	-0,1264786	-1,106312	1,95E+00	c0	b7	f7
B6.b7.c1.f7.g1.r1.u3.y1	1,7205896	7,66E-01	0,784544	8,34E-02	-0,2918726	-0,3072343	-1,724265	2,02E+00	c1	b7	f7

