	Intercept	Slope	ICerror	SLerror	r.squared	adj.r.squared	RMSD	MAD	b	f
R2.g1.p1.u3.y1	2,0461152	0,10203017	0,8575638	0,15624383	-0,36033099	-0,37929578	-1,9158357	2,0402197	b0	f0
B1.R2.b1.g1.p1.u3.y1	2,50758083	1,06012244	0,8991416	0,41049166	-0,42999018	-0,45262125	-2,0928433	4,5078366	 b1	f0
B2.R2.b2.g1.p1.u3.y1	1,15557684	0,10470874	0,5898129	0,10981091	-0,1580625	-0,16638158	-1,2688839	1,8450668	b2	f0
B3.R2.b3.g1.p1.u3.y1	0,88635441	0,0110122	0,6952888	0,11440361	-0,19568099	-0,20597999	-1,4118279	1,2343494	b3	f0
B7.R2.b4.g1.p1.u3.y1	0,95708653	0,03480459	0,7348096	0,12539171	-0,21812753	-0,22960792	-1,4906054	1,3980069	b4	f0
B4.R2.b5.g1.p1.u3.y1	0,35474723	0,05858238	0,7778706	0,11105698	-0,2079835	-0,21893	-1,4555324	1,0228945	b5	f0
B5.R2.b6.g1.p1.u3.y1	0,86973764	0,01762278	0,7130973	0,11792422	-0,2032789	-0,21397779	-1,4389762	1,2704794	b6	f0
B6.R2.b7.g1.p1.u3.y1	0,48273826	0,02328035	0,6702913	0,10505201	-0,16684042	-0,1756215	-1,3036412	0,9860061	b7	f0
R2.f1.g1.p1.u3.y1	1,97911709	0,06734541	0,7786938	0,16339641	-0,30809032	-0,3243056	-1,7715217	2,369898	b0	f1
B1.R2.b1.f1.g1.p1.u3.y1	2,44091769	1,2746117	0,8834108	0,43809479	-0,41342615	-0,43518542	-2,0521373	4,6564503	b1	f1
B2.R2.b2.f1.g1.p1.u3.y1	6,12354829	6,67890668	0,6424453	0,06283617	-0,8156192	-0,85854652	-2,8823795	4,40531	b2	f1
B3.R2.b3.f1.g1.p1.u3.y1	0,7271767	0,15161261	0,6439617	0,11753012	-0,16520367	-0,1738986	-1,2972309	1,6373067	b3	f1
B7.R2.b4.f1.g1.p1.u3.y1	0,87869108	0,17238165	0,6696767	0,12744296	-0,18335079	-0,19300084	-1,3666234	1,8198779	b4	f1
B4.R2.b5.f1.g1.p1.u3.y1	1,05680019	0,09616663	0,8396337	0,12916574	-0,27583022	-0,2903476	-1,6762098	1,2327989	b5	f1
B5.R2.b6.f1.g1.p1.u3.y1	0,81346236	0,14773928	0,6490183	0,11960323	-0,17103635	-0,18003826	-1,3199323	1,6986248	b6	f1
B6.R2.b7.f1.g1.p1.u3.y1	0,46140147	0,14571379	0,6042658	0,10540214	-0,13852904	-0,14582005	-1,1878945	1,3995786	b7	f1
R2.f10.g1.p1.u3.y1	2,29195046	0,4944893	0,8868337	0,12550228	-0,40062669	-0,4217123	-2,020121	1,6306082	b0	f10
B1.R2.b1.f10.g1.p1.u3.y1	2,73982909	0,5828313	0,9116686	0,337272	-0,46313638	-0,48751198	-2,1720104	4,0856108	b1	f10
B2.R2.b2.f10.g1.p1.u3.y1	5,70464896	8,1450661	0,9164976	0,0982777	-0,93882851	-0,98824054	-3,092435	3,0129058	b2	f10
B3.R2.b3.f10.g1.p1.u3.y1	1,29133163	0,34898417	0,8520018	0,11076213	-0,29784141	-0,31351727	-1,7418068	1,4756429	b3	f10
B7.R2.b4.f10.g1.p1.u3.y1	1,40952984	0,31960866	0,8681708	0,11784717	-0,3148322	-0,33140232	-1,7907997	1,4406979	b4	f10
B4.R2.b5.f10.g1.p1.u3.y1	0,73082272	0,41441006	0,8872128	0,10079579	-0,27859263	-0,2932554	-1,6845824	1,8015015	b5	f10
B5.R2.b6.f10.g1.p1.u3.y1	1,3267546	0,3495894	0,8530902	0,11152207	-0,30089789	-0,31673462	-1,7507213	1,3854262	b6	f10
B6.R2.b7.f10.g1.p1.u3.y1	0,88530441	0,3169934	0,8074581	0,10042848	-0,24946323	-0,26259288	-1,5940822	1,3153835	b7	f10
R2.f2.g1.p1.u3.y1	1,86334473	0,1407961	0,8079868	0,17793311	-0,31610955	-0,3327469	-1,7944289	2,512551	b0	f2
B1.R2.b1.f2.g1.p1.u3.y1	2,38982605	1,42466058	0,8888501	0,46520825	-0,41156867	-0,43323018	-2,0475221	4,7429464	b1	f2
B2.R2.b2.f2.g1.p1.u3.y1	0,83051074	0,34855203	0,5045702	0,10873101	-0,10993743	-0,11572361	-1,0582304	2,3211406	b2	f2
B3.R2.b3.f2.g1.p1.u3.y1	0,78574183	0,20676289	0,6075702	0,11698607	-0,1515051	-0,15947905	-1,2422845	1,8552544	b3	f2
B7.R2.b4.f2.g1.p1.u3.y1	0,78537203	0,23804713	0,6607416	0,13087878	-0,17514421	-0,18436232	-1,335689	1,9508218	b4	f2
B4.R2.b5.f2.g1.p1.u3.y1	0,11726246	0,16185457	0,5955513	0,10042294	-0,12430004	-0,13084215	-1,1252346	1,1654152	b5	f2
B5.R2.b6.f2.g1.p1.u3.y1	0,70386215	0,21905666	0,6336614	0,12194158	-0,15974293	-0,16815045	-1,275611	1,843379	b6	f2
B6.R2.b7.f2.g1.p1.u3.y1	0,34437008	0,21626906	0,5981264	0,1089279	-0,13224247	-0,1392026	-1,1606277	1,5567628	b7	f2
R2.f3.g1.p1.u3.y1	1,82797424	0,42142787	0,7576944	0,20556479	-0,2843729	-0,29933989	-1,7019686	3,1819124	b0	f3
B1.R2.b1.f3.g1.p1.u3.y1	2,30223038	1,81892631	0,8635511	0,51442316	-0,38753365	-0,40793015	-1,9868366	4,9428862	b1	f3
B2.R2.b2.f3.g1.p1.u3.y1	0,91870312	0,56664972	0,4518729	0,11430727	-0,0918569	-0,09669147	-0,9673048	2,8993278	b2	f3
B3.R2.b3.f3.g1.p1.u3.y1	0,79637332	0,43862273	0,5168834	0,11830402	-0,11385766	-0,11985017	-1,0769327	2,5032367	b3	f3
B7.R2.b4.f3.g1.p1.u3.y1	0,75251415	0,48392224	0,5699	0,13402842	-0,13419737	-0,14126039	-1,1691748	2,5924732	b4	f3
B4.R2.b5.f3.g1.p1.u3.y1	0,19063896	0,37065012	0,5093816	0,10202736	-0,09524946	-0,10026259	-0,9850056	1,9001641	b5	f3
B5.R2.b6.f3.g1.p1.u3.y1	0,71697663	0,44811681	0,5531663	0,12620046	-0,12610379	-0,13274083	-1,1333695	2,4739219	b6	f3
B6.R2.b7.f3.g1.p1.u3.y1	0,39841709	0,43397898	0,5160177	0,11126894	-0,102654	-0,10805684	-1,0225755	2,2161668	b7	f3
R2.f4.g1.p1.u3.y1	2,00597761	0,27363844	0,9243912	0,14564413	-0,39532478	-0,41613135	-2,0067093	1,615954	b0	f4
B1.R2.b1.f4.g1.p1.u3.y1	2,54197437	0,86270432	0,9164858	0,38206235	-0,4442422	-0,46762337	-2,1272442	4,3263273	b1	f4
B2.R2.b2.f4.g1.p1.u3.y1	4,26183442	1,12778333	0,7007644	0,10918008	-0,50627146	-0,53291732	-2,2709061	2,1567158	b2	f4
B3.R2.b3.f4.g1.p1.u3.y1	0,97099567	0,13472311	0,8077564	0,11817486	-0,25465009	-0,26805273	-1,6105691	1,2140498	b3	f4
B7.R2.b4.f4.g1.p1.u3.y1	1,08250318	0,11533355	0,8273944	0,12551039	-0,27130978	-0,28558924	-1,6624178	1,347591	b4	f4
B4.R2.b5.f4.g1.p1.u3.y1	0,34364308	0,19745375	0,8425847	0,10649666	-0,23605167	-0,24847545	-1,55064	1,2930501	b5	f4
B5.R2.b6.f4.g1.p1.u3.y1	0,95908945	0,12903029	0,8019146	0,11764889	-0,2510643	-0,26427821	-1,5991895	1,1997261	b6	f4
B6.R2.b7.f4.g1.p1.u3.y1	0,53589312	0,11000191	0,775536	0,10838651	-0,21569362	-0,22704592	-1,4822658	1,0558393	b7	f4
R2.f5.g1.p1.u3.y1	2,02797177	0,04861124	0,857389	0,16359765	-0,35862934	-0,37750457	-1,9113066	2,1779488	b0	f5
B1.R2.b1.f5.g1.p1.u3.y1	2,43638458	1,1590306	0,8924842	0,42021517	-0,41851889	-0,4405462	-2,0647381	4,5612982	b1	f5
B2.R2.b2.f5.g1.p1.u3.y1	0,81068996	0,20700961	0,6065186	0,11723164	-0,15199231	-0,15999191	-1,2442804	1,9259314	b2	f5
B3.R2.b3.f5.g1.p1.u3.y1	0,88348092	0,06185669	0,6967557	0,12036822	-0,19623431	-0,20656244	-1,4138226	1,4295234	b3	f5
B7.R2.b4.f5.g1.p1.u3.y1	0,91433497	0,08915555	0,7310127	0,13040476	-0,21406563	-0,22533224	-1,4766614	1,556282	b4	f5
B4.R2.b5.f5.g1.p1.u3.y1	0,23711963	0,02208518	0,6611906	0,09995118	-0,15376163	-0,16185435	-1,2515017	0,8641206	b5	f5
B5.R2.b6.f5.g1.p1.u3.y1	0,81728909	0,06941589	0,7014267	0,12085546	-0,19527273	-0,20555024	-1,4103544	1,4158976	b6	f5
B6.R2.b7.f5.g1.p1.u3.y1	0,43477007	0,0770632	0,6690268	0,10960664	-0,16441315	-0,17306648	-1,2941235	1,1282558	b7	f5
R2.f6.g1.p1.u3.y1	1,88505971	0,01300787	0,8612027	0,16564588	-0,34852727	-0,36687081	-1,8841949	2,1282961	b0	f6
B1.R2.b1.f6.g1.p1.u3.y1	2,40726795	1,22313145	0,9037319	0,43611715	-0,42236231	-0,44459191	-2,0741971	4,6010632	b1	 f6
B2.R2.b2.f6.g1.p1.u3.y1	0,78268545	0,23034397	0,5588823	0,10939855	-0,13060003	-0,13747372	-1,1533977	1,9692306	b2	f6
B3.R2.b3.f6.g1.p1.u3.y1	0,81177656	0,0763719	0,6890669	0,11931747	-0,18928111	-0,19924328	-1,3885486	1,4158405	b3	f6
B7.R2.b4.f6.g1.p1.u3.y1	0,83749479	0,10013203	0,7404511	0,13193614	-0,21462047	-0,22591628	-1,4785738	1,5232157	b4	f6
B4.R2.b5.f6.g1.p1.u3.y1	0,07717006	0,04422372	0,6840824	0,10345279	-0,15717647	-0,16544892	-1,2653225	0,9136269	 b5	f6
B5.R2.b6.f6.g1.p1.u3.y1	0,71068497	0,08995046	0,7047869	0,12183329	-0,19185079	-0,2019482	-1,3979423	1,3974041	b6	f6
B6.R2.b7.f6.g1.p1.u3.y1	0,31722683	0,09737199	0,683646	0,11230853	-0,16597746	-0,17471311	-1,3002654	1,1169151	b7	f6
R2.f7.g1.p1.u3.y1	1,82259471	0,31527511	0,7908717	0,19898936	-0,3030828	-0,31903452	-1,7570661	2,9185297	b0	f7
B1.R2.b1.f7.g1.p1.u3.y1	2,28889943	1,70070928	0,8701148	0,49566321	-0,39023915	-0,41077806	-1,9937599	4,8744025	b1	f7
B2.R2.b2.f7.g1.p1.u3.y1	0,85101273	0,50219598	0,4775482	0,11483138	-0,09993041	-0,10518991	-1,008919	2,7042953	b2	f7
B3.R2.b3.f7.g1.p1.u3.y1	0,6755077	0,39803611	0,6101395	0,13394277	-0,14850395	-0,15631995	-1,2299188	2,3252992	b3	f7
B7.R2.b4.f7.g1.p1.u3.y1	0,73334064	0,40378254	0,6158205	0,13693351	-0,15310905	-0,16116743	-1,2488431	2,3655659	b4	f7
B4.R2.b5.f7.g1.p1.u3.y1	0,09833313	0,30635066	0,5526039	0,1043451	-0,10811525	-0,11380552	-1,0494238	1,6539157	b5	f7
B5.R2.b6.f7.g1.p1.u3.y1	0,66930054	0,37375837	0,5886507	0,12673656	-0,13919993	-0,14652625	-1,1907675	2,2560305	b6	f7
B6.R2.b7.f7.g1.p1.u3.y1	0,32226527	0,37048236	0,5615395	0,11471287	-0,11747799	-0,12366104	-1,0939203	2,0108906	b7	f7
R2.f8.g1.p1.u3.y1	2,22759462	0,37846405	0,662475	0,18555655	-0,2561089	-0,26958832	-1,6151757	3,3716807	b0	f8
B1.R2.b1.f8.g1.p1.u3.y1	2,30325628	2,19269469	0,8495808	0,57231981	-0,37909146	-0,39904364	-1,9650764	5,1131656	b1	f8
B2.R2.b2.f8.g1.p1.u3.y1	1,38478627	0,51931194	0,415712	0,10913619	-0,08928523	-0,09398446	-0,9536681	3,0971952	b2	f8
B3.R2.b3.f8.g1.p1.u3.y1	1,17160198	0,42763594	0,4115185	0,09827867	-0,08260277	-0,08695028	-0,917286	2,7361213	b3	f8
B7.R2.b4.f8.g1.p1.u3.y1	1,07193604	0,48570932	0,4424542	0,10851083	-0,09202503	-0,09686845	-0,9681896	2,8120429	b4	f8
B4.R2.b5.f8.g1.p1.u3.y1	0,90569869	0,29023481	0,4557642	0,09478697	-0,09300732	-0,09790244	-0,9733432	2,1404239	b5	f8
B5.R2.b6.f8.g1.p1.u3.y1	1,12416303	0,43347688	0,4654613	0,111128	-0,10248514	-0,10787909	-1,0217341	2,717935	b6	f8
B6.R2.b7.f8.g1.p1.u3.y1	1,05593076	0,33501898	0,4371956	0,09609399	-0,08961792	-0,09433465	-0,9554432	2,3956668	b7	f8
R2.f9.g1.p1.u3.y1	2,3164131	0,03143296	0,841587	0,17244396	-0,37542123	-0,39518024	-1,9555407	2,4994367	b0	f9
B1.R2.b1.f9.g1.p1.u3.y1	2,53123883	1,21140629	0,8802481	0,43242528	-0,42079523	-0,44294235	-2,0703456	4,6476131	b1	f9
B2.R2.b2.f9.g1.p1.u3.y1	1,16341181	0,22973575	0,5801832	0,12031769	-0,15389163	-0,16199118	-1,2520306	2,241427	b2	f9
B3.R2.b3.f9.g1.p1.u3.y1	1,28003805	0,06216867	0,5679848	0,1035153	-0,15287105	-0,16091689	-1,2478721	1,7452081	b3	f9
B7.R2.b4.f9.g1.p1.u3.y1	0,95214573	0,14313223	0,631435	0,11821809	-0,16888455	-0,17777321	-1,311603	1,7742884	b4	f9
B4.R2.b5.f9.g1.p1.u3.y1	0,34597859	0,06439376	0,5970552	0,09517251	-0,13187284	-0,13881352	-1,1590045	0,9890382	b5	f9
B5.R2.b6.f9.g1.p1.u3.y1	0,91482786	0,11747249	0,6239089	0,11349849	-0,16388086	-0,17250617	-1,2920269	1,6679269	b6	f9
B6.R2.b7.f9.g1.p1.u3.y1	0,60768007	0,10214802	0,5625267	0,09619447	-0,12643547	-0,13308997	-1,134859	1,33718	b7	f9

