	Intercept	Slope	ICerror	SLerror	r.squared	adj.r.squared	RMSD	MAD	b	f
R2.g1.p1.u3.y1	2,2442826	4,78E-01	0,6687147	0,13836728	-0,3520531	-0,3791341	-1,4042348	1,5447783	b0	f0
B1.R2.b1.g1.p1.u3.y1	2,3364937	8,35E-01	0,9266447	0,55882717	-0,5466864	-0,5887392	-1,749866	3,5450055	b1	f0
B2.R2.b2.g1.p1.u3.y1	1,7321738	1,55E-01	0,6125124	0,14043544	-0,2550205	-0,2746375	-1,1951522	1,4952541	b2	f0
B4.R2.b5.g1.p1.u3.y1	1,0001145	3,36E-01	0,7634328	0,12961763	-0,2805134	-0,3020914	-1,2534657	0,889338	b5 	f0
B5.R2.b6.g1.p1.u3.y1	1,2888391	1,90E-01	0,7261287	0,14723654	-0,2850816	-0,307011	-1,2636309	1,0139916	b6	f0
R2.f1.g1.p1.u3.y1	2,2196752	2,42E-01	0,6145603	0,14884006	-0,3076228	-0,3312861	-1,3126379	1,7054451	b0	f1
B1.R2.b1.f1.g1.p1.u3.y1	2,3132829	1,01E+00	0,9039643	0,58946209	-0,5287708	-0,5694455	-1,7209545	3,6572615	b1	f1
B2.R2.b2.f1.g1.p1.u3.y1	4,9727436	1,37E+01	0,572801	0,05050522	-0,8780802	-0,9456249	-2,2176998	4,8274615	b2	f1
B4.R2.b5.f1.g1.p1.u3.y1	1,7132559	4,99E-01	0,7682094	0,1375677	-0,3559498	-0,3833306	-1,4119849	1,0424692	b5	f1
B5.R2.b6.f1.g1.p1.u3.y1	1,2007568	3,54E-02	0,6613793	0,15026567	-0,2393504	-0,257762	-1,1578513	1,3000913	b6	f1
R2.f10.g1.p1.u3.y1	2,4078012	1,01E+00	0,7069838	0,11349296	-0,4043071	-0,4354076	-1,5048434	1,4807477	b0	f10
B1.R2.b1.f10.g1.p1.u3.y1	2,4456723	4,50E-01	0,9501553	0,47184364	-0,5790821	-0,6236269	-1,8009668	3,236669	b1	f10
B2.R2.b2.f10.g1.p1.u3.y1	4,8686191	4,19E+01	0,7359711	0,0776661	-0,9931103	-1,0695034	-2,3584919	3,730518	b2	 f10
B4.R2.b5.f10.g1.p1.u3.y1	1,3684543	8,38E-01	0,9019235	0,12241977	-0,3969968	-0,427535	-1,4911768	1,8218754	b5	f10
B5.R2.b6.f10.g1.p1.u3.y1	1,7972498	7,47E-01	0,8579999	0,13615835	-0,4238702	-0,4564756	-1,5408206	1,2892622	b6	f10
R2.f15.g1.p1.u3.y1	4,0341375	1,60E+00	0,799581	0,23097512	-0,8242651	-0,8876701	-2,1486669	3,1053474	b0	f15
B1.R2.b1.f15.g1.p1.u3.y1	3,6606834	8,35E-01	0,9116904	1,006546	-0,7963741	-0,8576337	-2,1120015	4,266869	b1	f15
B2.R2.b2.f15.g1.p1.u3.y1	3,6826829	4,15E-01	0,8244895	0,34084876	-0,7514697	-0,8092751	-2,0515939	3,3156792	b2	f15
B4.R2.b5.f15.g1.p1.u3.y1	3,3308642	5,79E-01	0,9503537	0,3011579	-0,7461769	-0,8035752	-2,0443562	2,7139443	b5	f15
B5.R2.b6.f15.g1.p1.u3.y1	3,5150423	5,59E-01	0,9109652	0,32030415	-0,7642399	-0,8230276	-2,0689524	2,9572957	b6	f15
R2.f16.g1.p1.u3.y1	3,0976399	1,31E-01	0,7642257	0,36296792	-0,5726601	-0,6167108	-1,7909526	3,3164315	b0	f16
B1.R2.b1.f16.g1.p1.u3.y1	3,179297	2,03E+00	0,9104671	1,26041488	-0,6927219	-0,7460082	-1,9697681	4,3935945	b1	f16
B2.R2.b2.f16.g1.p1.u3.y1	2,6530588	6,73E-01	0,7665618	0,45482434	-0,4900384	-0,5277336	-1,656726	3,5941591	b2	f16
B4.R2.b5.f16.g1.p1.u3.y1	1,9497739	5,58E-01	0,8963941	0,4057702	-0,4687522	-0,50481	-1,6203442	3,038993	b5	f16
B5.R2.b6.f16.g1.p1.u3.y1	2,2811988	5,94E-01	0,8714381	0,44446319	-0,5026921	-0,5413607	-1,6779796	3,2915726	b6	f16
R2.f17.g1.p1.u3.y1	3,101514	1,24E-01	0,7643463	0,36150916	-0,5735609	-0,617681	-1,7923608	3,3100127	b0	f17
B1.R2.b1.f17.g1.p1.u3.y1	3,1802463	2,02E+00	0,9098932	1,25527953	-0,6925749	-0,7458499	-1,9695592	4,3916657	b1	f17
B2.R2.b2.f17.g1.p1.u3.y1	2,6582548	6,62E-01	0,7663915	0,45263144	-0,4908102	-0,5285648	-1,6580302	3,5883374	b2	f17
B4.R2.b5.f17.g1.p1.u3.y1	1,9531674	5,52E-01	0,8959234	0,40461055	-0,4689448	-0,5050175	-1,6206772	3,0348211	b5	f17
B5.R2.b6.f17.g1.p1.u3.y1	2,2829626	5,90E-01	0,871055	0,44349502	-0,5027206	-0,5413915	-1,6780273	3,2888704	b6	f17
R2.f18.g1.p1.u3.y1	3,1029034	1,24E-01	0,764083	0,361499	-0,5736358	-0,6177616	-1,7924777	3,3109444	b0	f18
B1.R2.b1.f18.g1.p1.u3.y1	3,1819537	2,01E+00	0,9096445	1,25521079	-0,6927785	-0,7460691	-1,9698486	4,3919119	b1	f18
B2.R2.b2.f18.g1.p1.u3.y1	2,6603871	6,62E-01	0,7658816	0,45258826	-0,4907883	-0,5285413	-1,6579932	3,5895476	b2	f18
B4.R2.b5.f18.g1.p1.u3.y1	1,9554515	5,53E-01	0,8949092	0,40447376	-0,4686424	-0,5046919	-1,6201546	3,0368186	b5	f18
B5.R2.b6.f18.g1.p1.u3.y1	2,2842173	5,90E-01	0,870869	0,44347637	-0,5027977	-0,5414744	-1,6781558	3,2893253	b6	f18
R2.f2.g1.p1.u3.y1	2,1409185	1,65E-01	0,6499795	0,16510934	-0,324942	-0,3499376	-1,3490827	1,7950579	b0	f2
B1.R2.b1.f2.g1.p1.u3.y1	2,2633534	1,15E+00	0,914151	0,62838655	-0,5271444	-0,567694	-1,7183058	3,7207988	b1	f2
B2.R2.b2.f2.g1.p1.u3.y1	1,3819177	1,05E-01	0,554318	0,14876311	-0,1905608	-0,2052193	-1,033124	1,7998817	b2	f2
B4.R2.b5.f2.g1.p1.u3.y1	0,5751941	1,05E-03	0,6169695	0,12706903	-0,1737901	-0,1871586	-0,986616	0,8136894	b5	f2
B5.R2.b6.f2.g1.p1.u3.y1	1,0772082	3,72E-02	0,6392254	0,15158198	-0,2173219	-0,2340389	-1,1032841	1,3812981	b6	f2
R2.f3.g1.p1.u3.y1	2,1535711	6,79E-02	0,6209283	0,19607295	-0,3047268	-0,3281673	-1,3064445	2,3339782	b0	f3
B1.R2.b1.f3.g1.p1.u3.y1	2,2291046	1,47E+00	0,8790814	0,68341356	-0,4994736	-0,5378947	-1,6725994	3,8723525	b1	f3
B2.R2.b2.f3.g1.p1.u3.y1	1,4174585	2,99E-01	0,4911758	0,15533772	-0,1567173	-0,1687725	-0,9369018	2,2408348	b2	f3
B4.R2.b5.f3.g1.p1.u3.y1	0,6223858	1,87E-01	0,5179336	0,1272914	-0,1300745	-0,1400802	-0,8535554	1,3551717	b5	f3
B5.R2.b6.f3.g1.p1.u3.y1	1,051967	2,51E-01	0,550505	0,15569573	-0,167575	-0,1804653	-0,9688135	1,8430703	b6	f3
R2.f4.g1.p1.u3.y1	2,1693204	7,00E-01	0,7224732	0,12827952	-0,3821461	-0,411542	-1,4630204	1,311221	b0	f4
B1.R2.b1.f4.g1.p1.u3.y1	2,3559931	6,60E-01	0,9527148	0,52543595	-0,5656439	-0,609155	-1,7799476	3,4044654	b1	f4
B2.R2.b2.f4.g1.p1.u3.y1	4,1123151	2,60E+00	0,6003008	0,10692579	-0,6579322	-0,7085423	-1,9196684	2,2458939	b2	f4
B4.R2.b5.f4.g1.p1.u3.y1	0,9697372	5,06E-01	0,8520686	0,12823898	-0,3266823	-0,3518117	-1,3526906	1,3072864	b5	f4
B5.R2.b6.f4.g1.p1.u3.y1	1,4274543	4,10E-01	0,808222	0,14389781	-0,3485197	-0,3753289	-1,3971702	1,0215362	b6  	f4
R2.f5.g1.p1.u3.y1	2,2492455	4,13E-01	0,674223	0,14621572	-0,3568955	-0,384349	-1,4138593	1,6231325	b0	f5
B1.R2.b1.f5.g1.p1.u3.y1	2,3156678	8,99E-01	0,9191767	0,56924551	-0,5386826	-0,5801197	-1,7370092	3,5832717	b1	f5
B2.R2.b2.f5.g1.p1.u3.y1	1,4375845	4,59E-02	0,6621956	0,15715304	-0,2599161	-0,2799096	-1,2065691	1,4950563	b2	f5
B4.R2.b5.f5.g1.p1.u3.y1	0,6729529	1,42E-01	0,6964185	0,12870965	-0,2192622	-0,2361285	-1,1081984	0,6688986	b5	f5
B5.R2.b6.f5.g1.p1.u3.y1	1,2422949	1,29E-01	0,7145799	0,15086894	-0,2739827	-0,2950583	-1,2387887	1,0885051	b6	f5
R2.f6.g1.p1.u3.y1	2,1168068	3,44E-01	0,6854275	0,15076424	-0,3481513	-0,3749321	-1,3964315	1,5488833	b0	f6
B1.R2.b1.f6.g1.p1.u3.y1	2,2773614	9,66E-01	0,9381475	0,59565403	-0,5441155	-0,5859705	-1,7457465	3,6114568	b1	f6
B2.R2.b2.f6.g1.p1.u3.y1	1,3825359	6,42E-03	0,6108772	0,14808654	-0,2240603	-0,2412957	-1,1202582	1,5495704	b2	f6 
B4.R2.b5.f6.g1.p1.u3.y1	0,5619627	1,26E-01	0,7093681	0,13016451	-0,218287	-0,2350783	-1,1057313	0,7063441	b5	f6
B5.R2.b6.f6.g1.p1.u3.y1	1,1256421	9,84E-02	0,7125579	0,15068736	-0,262611	-0,2828118	-1,2128081	1,0498216	b6	f6
R2.f7.g1.p1.u3.y1	2,1332629	1,35E-02	0,6437893	0,18747681	-0,3194166	-0,3439871	-1,3375634	2,0946928	b0	f7
B1.R2.b1.f7.g1.p1.u3.y1	2,2277458	1,36E+00	0,8926891	0,66431779	-0,5079955	-0,5470721	-1,6868078	3,819756	b1	f7
B2.R2.b2.f7.g1.p1.u3.y1	1,3837033	2,37E-01	0,5226073	0,15662737	-0,1724149	-0,1856775	-0,9827046	2,0757632	b2	f7
B4.R2.b5.f7.g1.p1.u3.y1	0,5439647	1,29E-01	0,5659091	0,13064234	-0,1482142	-0,1596153	-0,9111305	1,1636839	b5	f7
B5.R2.b6.f7.g1.p1.u3.y1	1,0321836	1,78E-01	0,5919017	0,15737205	-0,1883553	-0,2028442	-1,0271281	1,6708825	b6	f7
R2.f8.g1.p1.u3.y1	2,4216583	4,67E-02	0,5220989	0,17098665	-0,2575679	-0,2773808	-1,2011065	2,5363377	b0	f8
B1.R2.b1.f8.g1.p1.u3.y1	2,1862324	1,82E+00	0,8451824	0,73764166	-0,4706081	-0,5068087	-1,6235488	3,9978155	b1	f8
B2.R2.b2.f8.g1.p1.u3.y1	1,706647	2,81E-01	0,3982801	0,13148138	-0,1203791	-0,1296391	-0,8211288	2,4284226	b2	f8
B4.R2.b5.f8.g1.p1.u3.y1	1,228365	1,05E-01	0,4168146	0,10709461	-0,108819	-0,1171896	-0,7807067	1,5861261	b5	f8
B5.R2.b6.f8.g1.p1.u3.y1	1,3387602	2,54E-01	0,4176878	0,12465025	-0,1138496	-0,1226072	-0,7985486	2,0785805	b6	f8
R2.f9.g1.p1.u3.y1	2,5034041	4,32E-01	0,6330536	0,14491413	-0,3588278	-0,3864299	-1,4176816	1,8642841	b0	f9
B1.R2.b1.f9.g1.p1.u3.y1	2,3492797	9,77E-01	0,8971664	0,58262985	-0,5303036	-0,5710962	-1,7234471	3,6556456	b1	f9
B2.R2.b2.f9.g1.p1.u3.y1	1,6001991	2,49E-04	0,5372079	0,13679993	-0,1957575	-0,2108158	-1,0471161	1,7403759	b2	f9
B4.R2.b5.f9.g1.p1.u3.y1	0,8481969	1,20E-01	0,605166	0,11752603	-0,183819	-0,197959	-1,0146842	0,7390617	b5	f9
B5.R2.b6.f9.g1.p1.u3.y1	1,2704175	5,65E-02	0,6392603	0,14429696	-0,232026	-0,2498742	-1,1399978	1,3079936	b6	f9

